0,1,2
20190127,9,-영화가 현실이고 현실이 영화라는게 참 씁쓸함을 넘어 참담하다ㅡ 80년대 정치 경?검의 수사 방식이 배어있는 거겠지. 처리는 쉽고 승진은 빠르니. 인생을 얼룩으로 더럽히는 것보다 당장의 돈이 우선일테니ㅡ  
20190125,10,조현우~~ 슈퍼세이브!!!장난이고요 영화 잘만들었네요 진짜  
20190122,8,꼭꼭 볼만한 영화입니다.  
20190120,8,연기 대박이어서 몰입해서 봤음. 스토리도 굿  
20190118,7,변호인의 송강호가 얼마나 좋은 연기를 보여 줬는지 깨달았다. 지루하지 않게 감독이 가미한 양념이 많이 보인다  
20190116,2,솔직히 순 쓰레기 영화던데 연기는 잘하지만구성이 엉망임 갑작스런 감정선의 변화도 역했고스토리와 재심이란 영화의 특성상 공판의 장면에서 보여줄게 많은데 쓰잘데기 없는 장면이 너무 많이 나옴 .  
20190115,8,아...이제 강하늘만 보면 웃겨서 몰입이 안되네~~ㅋㅋ  
20190115,10,정우 강하늘 진짜연기잘하세요 마음에울림이있는영화정말잘봤어요^^  
20190114,10,영화의 퀄리티를 떠나서 대한민국에 이런 사건이 있었다는 걸 조명하는 것 자체만으로도  가치가 있다. 글구 어쩌니 저쩌니 해도 검사가 젤 썩었다는 생각이 내내 든다  
20190113,4,정우는 호탈한 부산 청년 역할만 하는걸로  
20190113,8,영화 진짜 재밋어요. 진지하기만 할 것 같지만 정말 재밋어요  
20190106,10,이게 보면서 느낀건데 다른거야 어차피 다 작살나는거 평해주셨고 거기다 보태면 개인적으로 알 수 없는 브로맨스가 죽인다ㅎ... 죽이네  
20181231,10,집에서 다시보기 하는중인데 영화관에서 한번 더 보고싶다는 생각이..  
20181230,10,관람객잘봤어요 잘봤어요우 ㅎ  
20181223,10,내가 이 영화를 왜 지금 봤을까  
20181211,10,사건 내용 결말 알건 모르건 안봤으면 강추  
20181209,1,법정드라만줄 알고 봤는데 재판씬 1분컷. 장난하는것도 아니고.  
20181204,10,다시한번 보고싶은 영화네요  
20181204,8,괜찮게 만든 영화에요 마지막 재판하는것까지 나왔다면 더 좋았을건데  
20181202,10,이런영화는 알려줘도 부족할판에 왜케 평점이 낮지  
20181129,10,사회적 강자의 이익을 위해 약자가 희생당하고 이로 인해  약자가 억울한  누명을 썼다는 것이  너무 화가납니다 .  
20181128,10,정의는살아있다     진실은밝혀지죠  
20181127,10,자신의 이익을 위해 살아온 정우가 하늘을 위해 자신의 이익을 위해 한 사람의 인생을 망친 경찰을 통쾌하게 사이다 먹여준게 너무 좋았습니다  
20181125,10,배우들 연기 장난 아니네요ㅠ  
20181118,7,그럭저럭 괜찮게 봤습니다..  
20181118,10,썪어빠진인간들에게 내세금으로월급준다는게화가나네요.정의로운 변호사도있다는게조금이나마위안  
20181115,10,우리나라의 그늘을 보여준 현실영화 보는 내내 충격적이고 배우들의 명 연기 환상이다 ㅠㅠ  
20181111,10,이름부터 빛 조현우구나  
20181106,10,천만짜린데 관객수 조작아냐?  
20181106,10,정우 개지린다... 실력도 좋고 정장도 잘어울리네.  
20181031,10,권력이 무섭다는 생각이 드네요 평범하게 살아도 한순간에 범죄자를 만들어내다니 ...  
20181031,10,너무나도 웅클한 울림 감사하다.  
20181031,1,일사부재리의 원칙을 무시했기에 피해자가 범인이라는 누명을 벗고 무죄방면 됨.약촌오거리 살인사건을 형상화했다는것 외엔 뚜렷한 장점을 찾을수 없다.절대 세련된 법정물은 아님.개인적으론 링컨차를 타는 변호사 같은 느물느물한 변호사 나오는 영화가 좋다(취향)  
20181030,10,얼마나 억울했겠습니까... 속상한 사건을 명화로..감사함니다  
20181030,10,진짜배기영화정말 요즘세상에 이런사람이 있기에 살수있는거 아닐까요  
20181030,10,실화의 힘은 역시 크다는걸 느꼈습니다  
20181030,6,그냥 볼만했었던 영화. 연기력은 좋았으나 그렇게 재밌진않음.  
20181030,8,잘 나가다가 목격자 빼돌려서 주인공이 다 두들겨패고 형사한테 죽이겠다고 난동피우는걸로 각색한건 너무 과함. 그것이 알고싶다 두  회분 보면서 트럭운전수가  방송에 나와서 증언한거 다 기억나는데 실화가 아니면 모를까 좀 담담하게 연출했으면 더 좋았을거임  
20181030,10,정말  강추입니다. 관련 형사와 판사는 어떤처벌을 받았는지 궁굼하네요  
20181030,10,오랫만에 다시 봤는데도 참 잘만든 영화.실화를 바탕으로 만든 정의는 살아있다  
20181030,9,자신을 되돌아보게되는 영화다  
20181030,1,평점 1점도 아까운 영화. 심지어는  배우들 연기력고 그동안 고평가 받아왔다는 느낌이 듦  
20181030,9,안타까운 사건..ㅠㅠ  
20181030,9,평론가들..평론을 빙자한 게으름..아는척 멋있는척 그만하길..그 신파가 와닿는 시대가 있네..  
20181029,10,법은 문제가 없는데 법을 다루는 놈들과 가진자들이 이용하는 구조가 힘 없는 자들을 더 힘들게 한다는걸 재삼 깨닫게 해 준 명작!  
20181028,1,배우들 연기력만 볼만하지 극중 전개는 다소 지루함. 평점 7점 정도로 봐야 맞을듯.  
20181025,7,100도의 진실 99도의 영화  
20181024,9,기대 없이 봤는데 구성도 내용도 연기도 다 좋았다. 안 본 분들은 보세요~  
20181021,10,뻔한 재판영화가 아닙니다.  
20181020,9,"실화, 좋은 드라마 명 연기  "
20181016,7,뭔가 치킨 먹고 콜라 안 마신 느낌. 마지막에 재판에 승리하는  것까지 나왔으면 좋았을텐데 아쉬움.  
20181012,6,아니 연기도 좋고 다좋은데... 전라북도 익산이 배경인데 사투리는 전남이고.. 어촌마을이 있고.. 익산사람으로서 참 몰입이 안되네요 ㅠ  
20181011,10,개빡치는 영화050596848  
20181008,9,보세요 추천. 무슨말이 더 필요할까? 정우와 강하늘인데!!  
20181008,10,잘봤습니다. 명연기...  
20181005,8,여자를 도와주면 인생 X된다는 진리적 교훈을 던져주는 남성법정교양영화  
20180929,10,선과악 억울함 힘없는자의 절망정의가 살아있는 사회가 되기를...  
20180918,8,수작이 될뻔 했던 평작.  
20180912,10,어쩌다 보게되었는데 재미있게봤어오ㅡ  
20180910,10,정말 우연히 본 건데 너무 감명깊게봤어요 ㅜㅜ 눈물나고 정말답답하더라구요 후 영화관에서 못본게 아쉽네요.. 연기들도 너무 잘하시고 강하늘팬됬서요유ㅠㅠ  
20180910,10,명작 말이필요없다 정우형님 팬입니다  
20180910,10,익산경찰은 아직도 사과하지 않았고 검사는 현직에 있다는데.. 그 지역에 사는 시민들은 괜찮을까?  
20180910,10,간만에 가슴 뜨거운 영화를 만났다.마지막에 주인공 조현우가 현재 두아이의 아버지라고 자막으로 올라오는데 떳떳한 아버지로 아이들앞에 설 수있게 되어 다행이라고 생각이든다.  
20180910,10,세상에.. 실화라니.. 충격적이고 끔찍합니다. 예전엔 이런일이 많았겠죠;; 무섭다... 감독님 이 영화를 세상에 보여주셔서 정말 감사합니다. 배우들의 열연에 몰입되고 내가 주인공이되어 겪은 것처럼 실감났습니다. 많은 사람들이 꼭 봤음 하는 영화입니다.  
20180910,10,ebs에서 이제서야 봤는데 배우들의 연기력에 몰입되어 정말 감탄하면서 봤습니다. 강추합니다.  
20180910,10,더이상 이런일이 이러나지 않게 상식이 통하는 사회가 됐으면 좋겠다  
20180910,6,실화를 바탕으로 그려낸 소재는 괜찮으나 중반부터 질질끌면서 신파극으로 몰고가는 전개는 짜증났음  
20180910,10,EBS가 보여줄만 하네.  
20180910,10,너무 슬픈 현실이지만 감동. 연기 대사 모두 감동입니다.  
20180910,10,너랑봐서 좋았던 영화 그립다  
20180910,10,이게 실화라서 더 열받음..ㅡㅡ  
20180909,9,"연기도 정말 좋았고, 악랄한 경찰, 검사들이 사라지고 정의로운 사람들만 가득한 세상이 오기를...  "
20180909,10,OBS에서  지금  보고있는데  억울한  누명쓴 현우보니  눈물나네 ㅠㅠ 저런  사람들이  한두명이겠냐구.  
20180909,10,..정우 연기  대박 ~!  
20180907,10,재미로  보는영화 아님  현실에  눈을 뜨게해주는 영화임  하지만  재미도  있음  
20180907,8,둘다 군대잇는 배우들이네  
20180818,10,제목부터 이미 감동으로 얼룩졌습니다...  
20180812,10,김해숙 선생님은 진짜.. 너무 연기를 잘하셔서 보자마자 눈물이 난다.  
20180810,10,자본주의의 상징인 돈과  정의의 상징인 법의 딜레마를 정말 잘 표현한 영화.. 배우들의 연기도 퍼팩트!! 10점 만점 드리고 갑니다. 그리고 사람은 배워야 된다는 교훈도 주는 영화!!  
20180807,10,좋았어요. 우리나라의 현실에 대해서 다시 한번 열받고 갑니다. 마지막에 형사... 제대로 밟아줬어야 하는데!! 끝나고 무대인사 있었으면 팝콘 하나는 맞았을듯..  
20180806,10,전라도에선 경찰이 저러나요? 한통속이네요 완전 염전노예사건도 그렇고..  
20180804,8,정말 적폐들이만연화한 현실정공명정대한 세상이되기를‥  
20180803,6,"정우,강하늘연기로만 봐선 짝짝짝  "
20180715,10,정말 말이 필요없습니다 대한민국 국민으로써 꼭 보셔야합니다  
20180704,10,감동적이다....여운이 남을듯  
20180626,10,진짜 역대급이에요....  
20180625,1,"배경은 전라도인데 전라도 사투리 제대로 쓰는 배우 한명도 없음. 정우랑 강하늘 연기 말고 솔직히 뭐가 볼게 있나? 배역, 스토리 현실 발란스따윈 없고 그냥 정우 원맨쇼 영화  "
20180620,10,관람객두번 예매해서 봤다는 그 역대급 영화  
20180604,10,그저 영화였으면 좋겠습니다.. 이런일이 현실이라니요..  
20180526,9,경찰 쓰레기네 저게 경찰이냐 조폭이냐  
20180524,8,재미있게 잘 봤는데...왜 영화를 만들다 말았음? 30분 정도 추가해서 재판을 극적으로 승리하는 장면이 있었다면 정말 통괘했을텐데...  
20180524,4,"뒤로 갈수록 점점 늘어지고 처지고, 대사는 상투적에 신파에 아휴... 장면간에 이어지는 느낌도 전혀 없고 인물들이 살아있는게 아니라 대사만 말하는 연기로봇같다. 배우들이 아깝다.  "
20180521,9,실화를 구성한 영화 중 다들 연기를 너무 잘하셔서 몰입도가 최고였음! 다 좋은데 마지막에 재판 하는 장면도 나왔으면 했는데 올해라도 진범이 제대로 밝혀져서 다행입니다.  
20180520,4,실화를 무슨 아침 조폭 드라마마냥 찍어놨냐...각색이 넘나 심하네..  
20180519,10,훌륭한 법조인은 세상을 아름답게 만든다.  
20180512,10,영화 잘 만들었군!!!  
20180510,10,보는내내 계속 묵직한 감동이었어요..명작  
20180429,4,영화 장르가 너무 왔다 갔다한다. 작중에 어머니를 시각장애인으로 설정한 이유도 뻔했고. 실화 배경이라는 사실과 배우들 연기가 다한 영화. 재판 장면을 자른 건 변호인의 아류로 평가 받지 않을 신의 한 수 였을 수도 있지만 역시 뭔가 찜찜함.  
20180424,10,정우 하늘 연기잘한다 오랜만에 잼있었음 왜 안뜬거지 아쉽다  
20180421,10,대.한.민.국.이.게.나.라.냐?  
20180420,10,실화기반이린 더 몰입되고 좋았습니다.  
20180418,10,아 먹먹하도다 잘봤음....  
20180409,10,아주 유익하고 살아있는 메시지를 전달해주는 영화. 아직도 드러나지 않고 묻혀진 부분들도 재조명하여 진실을 밝힐 수 있는 영화들이 많이 나오길. 배우들의 연기가 아주 일품임!!!  
20180407,10,꼭 봐요!!! 재미있고 알아야 할 일이 아닐까 싶어요!  
20180406,10,배우들 연기 크.. 울다가 웃다가 하면서 봤어요 감사합니다 박준영 변호사 선생님  
20180404,10,실제사건이라는것에 충격ㅠ그러나 정말 잘봤어요  
20180403,10,영화의 주인공이 누구인지 예산이 얼마인지 그닥 중요하지 않다 진실이 밝혀진것만으로 이미 그값을 충분히 한영화..  
20180402,10,"이런 영화 제작해주셔서 감사합니다 ,이 영화에 나오는 배우분들도 명연기 감사합니다.  "
20180330,2,이 영화는 과대 평가 받고 있다. 전형적인 한국 영화의 틀을 한 치도 벗어나지 않는 삼류영화. 소재의 공익성은 좋으나 그 외에는 얻을 것이 없다. 차라리 상대적으로 긴 호흡의 드라마였다면 더 볼만 했을지도. 그래도 나는 안 볼거지만..  
20180328,8,소파에 앉아 VOD로 차분히 감상하기에 좋은 영화였습니다. 아쉬운 부분들은 배우들의 연기로 커버가능했구요.  
20180327,6,와.. 진짜 갈수록 너무 오그라들어서 처음으로 평점 남겨봅니다... 와 진짜 변호사님 대사 하나하나가 무슨 소년청춘만화 그리시나요? 와 진짜.... 오랜만에 온몸 오그라들고 갑니다  
20180327,10,주인공의 삶은 뭘로 보상받나요...  
20180327,10,익산 약촌오거리 택시기사 살인사건의 진범 김모씨(37)가 징역 15년을 확정받았다. 사건이 발생한지 OOO 만이다. 대법원 3부(주심 김창석 대법관)은 27일 강도살인 혐의로 재판에 넘겨진 김씨에게 징역 15년을 선고한 원심을 확정했다.  
20180325,10,해피엔딩이라서 다행이다 진짜ㅜ  
20180318,10,훌륭한 영화인 것 같습니다..  
20180306,10,역시 믿고보는 배우~연기좋고 감동입니다  
20180305,10,15년이 지난 시점에서 증인이되어달라는 어떻게보면 자기의 생명의은인같은 강하늘을 매몰차게 거절하는 카페 운영하는 아가씨를 처음봤을땐 배은망덕한 여자라고 욕이 나올지경이었지만 저게 대한민국의 안타까운 현실이란 생각에 한번더 씁쓸하게 뒤돌아서게 만듬  
20180304,10,두 배우의 열연에 감사합니다.  
20180304,9,한소년의 인생 조금이나마 치유되길  
20180303,10,재미있게 잘 보았습니다  
20180303,10,이 영화를 어떻게 만점을 안줄수가 있지?그게 신기하넹....  
20180303,6,배우들의 명 연기 !!!깊이 빠져들진 못했지만재미있었다  
20180302,7,경찰 검찰들이 꼭보고 느껴야 하는 영화  
20180228,10,너무재미있게봤어요ㅎㅎ  
20180228,10,진짜 몰입해서 봤네요 정의의 편에서서 응원하면서 화려한 볼거리가 있는것도 아닌데 보는내내 지루할틈없었어요  
20180228,10,부디 인정하고 반성하길.  
20180228,10,띵작입니다 그냥 보시면 알아요  
20180227,9,우리나라짭새올래 쓰레기아님?영화 아주잘만들었네  
20180226,10,주연배우 둘 다 이렇게 연기를 잘하는지 몰랐네요 대박ㄷ  
20180217,7,관람객무거운 내용이라서 내 취향은 아님  
20180216,4,좋은 소재를 가지고 유치하고 뻔한 한국영화적 요소들을 넣으려다 보니 망쳐버렸다. 좀 더 무덤덤하게 사실 그대로만 가지고 표현했다면 좋은 영화가 될 수 있었을텐데 아쉽다  
20180216,1,관람객억지감동역겹다 도저히참고볼수가없어ㅡㅡ  
20180214,10,연기력 진짜 짱이다.. 실제 주인공분이 평범한 인생을 살고 계시다니 정말정말 다행이다 꼭 행복하시길 우리나라에 박준영 같은 변호사만 있다면 얼마나 좋을까  
20180204,8,시대상을 보며 다시는 이러한 일이 반복되지 않기를 바랍니다.  
20180204,8,비리 검찰 경찰들을 다 보내버려야해  
20180204,10,명장면이 도대체 몇개인거야.. 정우라는 배우가 참 부럽기까지 했던 작품..  
20180203,8,정의사화구현!  지금은 대한민국 곳곳에 CCTV가 촘촘하게 있고  강력범의 사건이 발생하면 24시간도 안되어 범인을 잡아 낸다고 합니다 그럼에도 범죄는 그것에 맞서 더욱 지능적으로 발전을 한다고 합니다.  언제나 무릉도원에서 발 뻗고 살랑가  .  
20180202,4,"강하늘 배우의 연기가 인상깊었다. 하지만 변호사란 직업에 대해서 이해가 1도 없어보이는 막장 연출과 억지전개, 뻔하디 뻔한 신파에 고개를 저었다..  "
20180202,8,이런류의 영화 솔직히 보구싶지않았는데...정말 누구에게나 닥칠 수 있는 일이라는게  무섭네요..특히 같은 약자면서도 강자에게 빌붙눈 인간들 정말 무섭네요..정우랑 강하늘 좋아서 끝까지봅니다.눈물닦으면서요~바른정신을 가지신 좋은분들 꼭 복 받으실겁니다~  
20180202,10,가슴 아픈사건이었습니다!!  
20180201,5,좋은 의미에 비해 상투적  
20180130,7,배경음악이 몰입에 방해를 준 건 내 탓인가 음악 탓인가  
20180129,10,왜이렇게 강압수사를 하는건지 다 패고싶네 진짜  
20180128,10,잘봤어요..ㅠㅠㅜㅠ..  
20180126,5,감독도 영화 다시 찍어서 관객들에게 재심받아야 할 수준  
20180122,10,저는 이 곳에 조윤우 씨 변호를 하러 변호를 하나온 것이 아닙니다.15년 전 대한민국 사법부가 한 소년에게 저질렀던 잘못에 대해 사과할 수 있는 기회를 주고자 여기 서 있습니다.  
20180120,2,실화랑 많이 달라서 별로다  
20180119,10,보는내내 짠내 가득 울면서봤음  
20180115,10,정우씨의 호연과 감독의 매끄러운 연출에 제 개인적인 인생영화로 기억될 것 같습니다. 잘 봤습니다~  
20180114,10,저 검사들과 형사들은 아무 벌 안받나요????  
20180113,8,관람객배우들 궁합이 너무 좋고 재밌어요  
20180111,10,SBS 약촌오거리사건보고 봤는데 진짜 태어나서 삼십평생 처음으로 후기남기게하는 영화. 70년대 80년대 90년대에 비해서 민주정권이라는 이나라가 뒷통수를 어떻게 후려갈기고있는지 정말 교육적인 영화.  
20180110,10,10점 만점 영화예요..  
20180110,7,정말 감동적인 영화였습니다.  
20180110,4,그냥 담담하게 그려내도 좋았을 것을 지나치게 극화시켜 오히려 영화를 망치고 있다  
20180107,10,정우 연기 왤케 잘하냐??  
20180104,8,"정우가 재심에 앞서 발언했던 장면.. 잘못된 판결을 내렸던 사법부가 강하늘에게 사과하는 자리라고했던 대사가 참 좋았다. 뭔가 내용이 매끄럽지 않음과 불필요한 장면도 있었긴 했지만, 마지막에 미안하다고 강하늘에게 사과하는 그런 장면들이ㅜ좋았다.  "
20180104,10,보고 울었음.... ㅠㅠ  
20171229,10,진짜 정의는 살아있다...  
20171228,4,영화 끝나기 5분전까지 고구마만 먹다가 법정씬에서 사이다가 나올줄알았는데 그냥 영화를 끝내버렸다  마지막 법정씬을 찍었더라면 훨씬더 흥행하지 않았을까 생각되는 영화다  
20171226,10,"연기도 좋았고, 마지막 자막에서 소년은 행복한 가정에 두 아이의 아버지가 되었다는 글이 너무 짠 했네요. 이런 사건이 두번 다신 없었음 합니다. 영화 정말 잘 보았습니다.  "
20171224,10,진짜 너무재밌었습니다  
20171222,10,"사필귀정, 파사현정을 그린 영화  "
20171222,8,일반 픽션이라기 보다 사회고발성 영화에 가깝다. 영화자체는 그닥 흥미꺼리는 없지만 실화를 제대로 전달했다고 볼수 있다. 어느나라든 어느조직이든  어느무리든 좀벌레처럼 기생충있고 쓰레기같이 썩는곳이 있기 마련이다. 그래서 모두가 같이 즉시  치워야 한다  
20171220,7,관람객오랜만에 가족들과 하하호호  
20171217,7,엔딩이 왜 만들다말았는지..  
20171216,8,아무생각없이 보다가 몰입돼서  끝까지 봤는데 정우의 연기 스탈이 정말 좋다.형사역도 너무 좋앗고 재판 과정이 없어도 충분히 재밋는 영화.  
20171216,10,정말 개명작~ 정우씨 연기 진짜 ㅎㄷㄷ~ 마지막에 정우씨 울면서 강하늘씨한테 <넌 못찔러. 왠줄알어? 넌 살인자 아니니까. 넌 사람 죽일새끼가 아냐.>하는데 가슴 완전 북받쳐서 울컥하네요.  
20171214,3,"전형적인 한국 영화. 꼭 액션씬이 들어가서 치고 받고 했어야 했는지 의문이 드는 영화. 사실을 바탕으로 했는데, 사실이 과연 몇%인지 궁금증이 들게 되는 영화.  "
20171214,9,마지막 악의 무리들이 심판을 받는 장면이 나왔다면 얼마나 후련했을까... 갑작스레 끝이 나버리니 부풀었던 기대감이 순간 당황스럽게까지 느겼졌다.. 그만큼 시간 가는줄 모르고 푹 빠져 몰입했다.. 주연배우들의 연기력은 감탄만 나올뿐...  
20171213,10,처음에 그냥 생각없이 봤는데 보면 볼수록 몰입할 수 있어서 좋았고 배우들의 연기가 진짜 대박이었습니다.실제로도 저런 사건들이 있다는게 마음이 아프네요.  
20171211,10,시민들은 요즘은 이런일이 없을거라 생각하겠죠....?  
20171209,8,"딱 캐스팅만큼 뽑아낸 영화, 신선함은 없었다.  "
20171208,9,진짜 강하늘 정우 김해숙 배우의 명연기에 푹 빠져본 영화네요. 다만 이동휘의 연기는 눈에 좀 거슬려서 아쉬웠습니다.  
20171208,9,악마가 정말 있다는 걸 알았다. 그 형사 ㅅㄲ들...검사ㅅ ㄲ 판사 ㅅㄲ....다 악마다.  
20171208,10,기대안하고 봐서 그런가? 재밌다~!  
20171204,9,기대를 안해서 그런지 너무 잼있게 봤어요. 약간 신파적은 느낌도 있었지만 정말 잼있었습니다.  
20171203,10,진짜 다시 봐도 후회되지않는 영화  
20171202,3,연기 좋다 메시지 의도 다 좋다연출 각본 너무 수준떨어진다보는내내 오글거리고 전개가 루즈하고 극적인 요소가 없다  
20171202,10,안 울려고 했는데 ㅠㅠㅠㅠ  
20171201,10,최고입니다...정의로운 대한민국이 되기 위해 노력하시는 모습을 너무 감사하게생각합니다  
20171130,10,아직도 강압 수사라는게 있다니...대한민국 국민이면 꼭 봤으면 좋겠다.  
20171130,10,지금 이시대를 잘 표현한 영화 꼭 보세요 강추합니다  
20171130,6,연출과 시나리오가 아쉬운 영화  
20171129,7,실화라는거 말곤 재미를 이끌어내기엔 부족했던..  
20171128,6,이야기가 전개 될 수록 변화하는 캐릭터를 통해 재미를 주려고 했지만 크게 와닿지는 않았다. 다만 실제 주인공이 당했을 억울한 부분을 잘 표현한 것은 좋았다.  
20171128,10,소재가 너무 좋아서 10점 드립니다.마지막 재판 장면이 조금 아쉽네요변호인이나 의뢰인처럼 법적 내용을 조금 기대했는데ㅎ  
20171125,10,"돈없고 백없음 억울한 세상이네요 강하늘,정우 실감나는연기 감동~~~~  "
20171123,10,꿀잼이요~~~추천!!!  
20171123,10,실화지만 조금은 단조로울수 있는 스토리를 강하늘 정우 두배우가 연기로 커버하네요 대단합니다  
20171123,10,정우 때문에 보게됐는데 역시 정우 연기력은 언제봐도 최고네 강하늘도 대단!!  
20171123,10,이사건 약촌오거리 실화 였구나 진범이 아니라면 진짜 억울 할만하지 재밌었어요 정우 강하늘 두배우들 연기도 짱짱  
20171122,9,배우들 모두 명연기입니다. 다시는 이런 사건이 되풀이되면 안되겠죠?  
20171122,10,썩은 경찰들 / 썩은 검찰들.. 썩은 공무원들 모두 솎아내서 어떻게 처리할 수 없을까요? 영화 보는 내내 짜증나서 숨 넘어가는 줄 알았습니다. 당시 사건을 조작했던 형사 두 새끼와 검사 새끼가 아직도 잘 살고 있다는 것에 더더욱 화가 치밉니다!!  
20171122,10,오늘 아무생각없이 티비 보다가 푹 빠져버렸네요.저분이 박준영변호사님 이셨군요. 존경합니다.  
20171122,7,이동휘  연기 진짜 아쉽다  
20171122,9,노통 시절 영화?  박통독재시절에나 가능한이야기가 노통시절에...  아무튼 저때부터 조작엔 일가견이 있는 정부다  
20171121,6,"실화인  사건의 과정이  충격적인거지, 영화 자체는 디테일과 개연성이 떨어짐.  설득력이  떨어지니 부자연스럽고  오글거리고..좀 디테일하고 매끄럽게  편집했으면 변호인처럼  명작이었을걸   하는  아쉬움이 드는 영화.  "
20171121,10,좋은영화. 정우와 하늘이 다시 봄  
20171120,10,재미 있게 잘 봤어요~ 이런 소재는 영화화가 꼭 필요한 것 같아요.  
20171119,8,분명 대단한 영화가 아닐수없네요.다만 결말은 깔끔했으나아쉬움이 남는것은 어쩔수없었네요.변호사의 진심어린 말로써 선이 악을 이겨버리는시원한모습 .현우가 누명을 벗고 환하게 웃으며눈물흘리는모습을 보고싶었습니다.  
20171119,1,훌륭한 소재의 실화를 허접한 시나리오와 연출로 아주 망쳐버렸다  
20171119,10,어제 cgv를 통해서 보았는데.. 너무 억울한 사건이더군요..  아무도 다시 되돌려줄수 없고 평생 잊혀지질 않을 10년 그이상의 것들.. 이런일들이 다시는 대한민국에서 일어나지 않기를 바랍니다  
20171119,8,너무 영화화한거 같아 아쉬웠다.  
20171119,9,결말이 조금더 탄탄했다면 어떨까라는 생각이 듭니다 그래도 배우분들의 연기에 감탄하고 실제로 몰입되서 봐지네요 정말 재밌습니다  
20171119,9,어딘가 했더니.. 사스가 전.라.도  
20171119,7,2000년대에도 저런일이 있었다는게 믿기지않는다.  
20171119,10,진짜 명작이다....명작에 배우들의 명연기에.. 대박 작품 이네요...^^  
20171119,10,이런 영화 만들어 주셔서 감사합니다. 이런영화 많이 만들어주세요~ ㅠㅠ 배우들 명연기 정말 좋았습니다! 현실 세상이.... 그냥 다 썩은거같애요ㅠㅠㅠ 애기 낳고살고 싶지 않은 세상임.  
20171119,10,"한국영화 대체로 안좋아해서 기대 안하고 봤는데 깊은 생각을 안겨준 영화.연기 10점, 연출 10점, 감독 10점, 스토리 10점 줌.마지막에 변호사가 한 말이 감독이 하고 싶은 말인 것 같다.  "
20171119,10,이제서야 보게되어 너무 아쉬울정도로 10점 영화!!!!정말 119분동안 지루할틈이 없었다실화라는 생각에 마음이 먹먹해지다가도 ...이런 영화들이 많이 나왔으면 한다 10점 !!!!??????????  
20171119,10,이영화는 10점만점에 10입니다^^  
20171119,10,변호인보다 더 수작인듯.. 배우들 연기력구멍이없자  
20171119,10,못보신분들은 꼭 보십쇼!!강추입니다!!정의는 살아있다!!  
20171119,10,실화라니 안타까울뿐.  
20171118,10,"올해 본 영화 중 가장 인상깊었다.. 배우들의 열연, 연출, 감동적인 실화까지.... 완벽한 영화!!!  "
20171118,1,대사쓴거랑  각본 수준이 너무 낮다  
20171115,10,ㅇ명연기다진짜...진짜  
20171114,10,너무 잘 봤습니다 연기 짱  
20171113,10,실화라니..억울...지루한감없이  넘나 잘봤읍니다..대한민국비리  대체끝은있나요? 침뱉어주고싶다 악당놈들  
20171111,7,스마트폰으로 봐서그런지 기대만큼의 감동이 없어서 안타까운 작품. 사법정의에 대해 다시한번 생각하게 한 시간이었다.  
20171111,10,제가본 영화중  어떤영화보다최고에요~~연기누가할거없어~최고~정우님넘좋아하는데~이번엔~많이울고 화나고 가슴아픈 얘기네요ㅡ~  
20171110,9,재판영화인데 스킵한게 액션장면 말고는 없음 재판영화를 많이본사람들에게는 익숙한장면이 많아 평점이 낮을수도있고 깎을수도있지만 충분히 감동적이고 볼만한 영화임 물론 연기덕분에..  
20171110,10,"전라도는 형사,검사도 안믿는다.보는 내내 분노와 슬픔이 교차했다  "
20171110,7,너무 잡스러운 이야기를 많이 붙여서 논점을 흐린다 의미없는 내용도 많고 그로인해 몰입도와 긴장감이 떨어진다  
20171110,10,사건이 재조명될수있도록 영화화된 점에 감동을 느낍니다  
20171109,10,와..진짜...배우들 장난아니다..전재산 받아본적있습니까?에서 완전. ㅠㅠ  
20171109,9,실화라는 점이 감점이입이 잘됨. 결말이 흐지브지했다는 아쉬운 점.특히 강압적으로 수사했던 형사와 실제범인의 뒷이야기 궁금함. 또한 명대사가 많았음. “대표님 전재산 받아본적 있으십니까?” 영화를 봤다면 모두 공감할것같다.  
20171108,10,영화 매냐인데도...  이런곳에 첨으로 평점이란걸 남겨봄니다..오버하지않아도  잼있을수있고 과하지않아도 루즈하지않고 자극적이지 않아도 충분히 스릴을 느낄수 있다는것에 개인적으론 상당한 만족스러 영화임이 분명하네요!! 역시 강하늘 연기 쩝니당 :)  
20171107,9,인간이 과연 법앞에서 떳떳할수 있을까? 공권력도 믿을게 못된다는게 씁쓸하다..  
20171107,7,그냥 저냥 볼만하긴한데...음 결과를 아니까 그런지 긴장감이 약함  
20171105,10,연기 소름 실화라는 것도 소름  
20171105,6,법정영화라기 보단 신파영화에 가깝다.  
20171105,7,사실 그저 그랬다...  
20171103,10,이런일이 다신 있어서는 절대 안될...  
20171028,10,아마  첫  평글인듯한데요. 정말 추천합니다. 연기나 내용 정우씨가 이렇게 연기 잘하리라곤 후덜덜 합니다. 사실 히말라야 에서 크게 못느꼈던  그의 진면목을 보는듯 합니다. 모든 주연조연등의  연기력을 아마도 연출에서 끝까지 끌어낸것 같아요  짝짝짝!  
20171028,5,대한민국 짭새들 지금까지 머했노 어! 머햇노 이기야 심심하면 불러다가 뺑뺑뺑뺑 북따닥 따닥따닥  
20171027,9,등장배우 모두가 연기파 정말 단순하고 이미 현실적 배경을영화화하는게 자칫 지루할 수 있는데정말 대단한 연기들로 멋지게 만들어 냈다  
20171027,6,뭔가 허전한 느낌은 모쥐???  
20171026,7,내용은 좋으나 연출이 너무아쉽다  
20171025,10,오늘 두번째 보는건데 정말 변호사님 존경합니다  
20171022,10,간만에 재밌게 본 한국영화  
20171021,6,근데 왜 전북 사람들이 전남 사투리 쓰고 근당가? 전북은 그런 사투리 안 쓴당께?  
20171021,10,영화라고 과하게 과장시키지도 않고그냥 있는 그대로 보여준 것 같다그게 오히려 더 좋았던 것 같다정말 멋진 영화.. 배우분들도 연기를 너무 잘해주셨다  
20171021,10,역시 한국여자는 도와주는게 아니라는걸 또 배우고 갑니다~  
20171021,10,눈물난다 진짜...법이 뭘까  
20171019,10,억지스럽지도 않게 다들 자연스럽게 연기 잘하시네요..내용도 좋고.. 연기도 좋고.. 아주 좋습니다.  
20171018,10,"그러게,, 연기는 연기자가 해야 된당께.. 돌아이들은 제발 연기좀 하지마라.  "
20171018,10,연기구멍이 하나도  없음!!  
20171017,6,학점 잘 받으려는 영화학도 졸업작품에 명배우를 주연으로 캐스팅 한것같다 어떤 영화보다 극적인 사건에 각색이 너무 과하다 순간순간 등장하며 극의 감흥을 깨버리는 단역들의  기본도 없는 연기와 실화보다 못한 상황들의 연속이 많다  
20171017,7,법정 다툼이 크게 없는 것은 개인적으로 아쉽지만 정의가 무엇인지 한 번은 생각하게 한다.  
20171013,9,재미있게 잘 봤다. 정우 연기변신도 좋았다.조금 아쉬운건 송강호가 변호인에서 펼쳤던 연기처럼 엔딩장명도 그렇게 임팩트 있었으면 좋았을 것을... 그게 좀 아쉽다  
20171011,1,아쉽다 아쉬워 완성도가 높다고 볼수는 없다  
20171011,5,연기력 좋고.. 몰입력도 좋음. 하지만 뭔가 재미있어지려다가 결말에서 확 끝나는 영화.똥 잘 싸고 신문지 구겨서 닦은 찝찝함이랄까.  
20171010,9,정말 재밌게 봤다.. 배우들 연기력과 흡입력이 뛰어난 영화다  
20171010,5,고구마 10개 먹고 사이다가 눈앞에있다는거만 알고 끝난기분  
20171009,1,전라도 사투리 나오면서 부터 바로 극장 나옴 ㅅㅂ 이게 나라냐?  
20171009,8,정말 몰입되는 영화였다. 하지만 중간중간 너무 오바하는듯한 연출은 약간은 거슬렸던 부분이였지만 그래도 훌륭한 영화였다. 한국 사회 부조리에 분노하게 되는 영화.  
20171009,10,이게 픽션이면 별로였을 텐데실화라서 10점입니다....  
20171009,8,정우 강하늘 연기 좋았다.  
20171009,10,무전유죄 유전무죄. 돈없는 사람 앞에서 법과 권력이 얼마나 잔인해질 수 있나를 보여주는 실화인듯. 스토리 구성도 탄탄하고 김해숙님 항상 느끼는거지만 왤케 연기를 잘하시는지 두번이나 울었네. ㅜㅜ  
20171009,2,"돈주고 다운받아서 보다가 끈 최초의 영화.. 근래 어떤 영화보다 캐릭터,전개,대사가 다 진부하고 신파적이다... 소재에 대해 기대를 너무 했었나 싶다. 여기 10점 평점들을 보면서 진짜 알바가 있구나 깨달았다...  "
20171008,10,너무 재밌게 잘봤습니다ㅎㅎ  
20171008,10,배우들의 연기가 좋습니다. 무엇보다도 실화라는점에서 놀라웠고 정의로운 사회가 되길바라며 만점드립니다.  
20171007,6,실화바탕으로 한 영화의 단점만이 남았다.  
20171007,10,개봉이 한참 지난 후에  감동적인 영화를 봤습니다 추천하고 싶습니다  
20171006,8,화려하지 않아도 디테일이 떨어져도 충분히 울림이 있는 영화.  
20171006,10,정의는 지키는 것이다.  
20171006,8,잘버무린 실화바탕의 영화  
20171006,6,이미 알고 있는 내용을 영화화 하다보니 불 필요한 부분들이 많이 들어갔다.  
20171006,10,배우들의 연기가 빛났습니다. 다시는 같은 일이 일어나지 않아야 합니다.  
20171005,7,늦었지만 진실이 밝혀지고 혐의가 풀려서 다행이다.  
20171004,10,최고의 연기였습니다 그 형사 변호인 영화의 곽도원 급으로 얄밉게 연기를 잘 하시네요  
20171004,8,법정영화임에도 재미나게 보았음. 조주연급들 연기도 좋았구요  
20171004,10,영화 너무 잘 만들었다 좋은 영화  
20171003,1,김해숙 강하늘 연기는 10점 인정하는데 그외에 연기며 연출이며 절대 아님  
20171003,9,배우들의 진실된 연기와 더불어 무능한 그'분'들의 모습을 보게 되었다..  
20171003,10,감사합니다. 보이지 않는것을 보이게 많들어주신 분들께..  
20170927,4,연기 5점만점 스토리 5점만점에서 연기4점 스토리0점  
20170923,7,배우 이동휘가 맡은 친구 역할이 적이 되는 장면이 필요했나 싶다. 오히려 같이 협력해서 부패 검사와 대립하는 쪽이 더 괜찮지 않았을까  
20170921,8,"돈만을 쫓던 변호사가 법의 의미를 다시 찾는 듯한 전개 현재의 본인이 과거(이동휘)를 꾸짖는 전개.. 꿈을 잃은 소년이 다시 꿈을 그리고, 인간이기에 저지를 수 있는 악행 또는 실수에 대한 메시지. 사람도 법도 완벽할 순 없다  "
20170920,1,이 영화보는데혈압오르는줄 알았다.  이영화제작한감독  정신이 답답했다. 실제 그런  양아치형사 있나.양아치형사  초장부터 없세지. 말장난치는것도 아니고답답하다  
20170920,1,정우가 뭐냐! 정우 에휴..   배우가 그렇게 없나?  
20170919,9,배우들의 연기력에 푹 빠졌네요. 멋있었습니다  
20170919,9,배우들의 연기.조화로운 색감.마음을 움직이는 전개.  
20170918,10,잘만들었다  대한민국 사법부 이런일 없도록 해라 반성해라  
20170918,9,관람객오래되사 기억이안난다  
20170918,10,배우들 연기잘하고 억지 감동이아닌 자연스레 마음에서 우러나오는 편안한감동이있어서 참 명작이다  
20170917,10,진짜 마음을 울리는 영화네요 다들 연기파시고 ! 꼭 보세요  
20170917,9,보는내내 먹먹하고 답답했고 실제 사건에 관심을 갖게되는 의미있는 영화였습니다  
20170917,8,뭔가 스토리는 뻔하지만 배우들 연기력이 참 좋았음  
20170917,8,"""요즘 애들은 이 나라를 헬조선이라고 부른대지? 차라리 지옥이 더 공평해 거기서는 죄지은 만큼 벌을 받잖어""  "
20170916,10,화나고 마음아파서 두번은 못보겠다  
20170916,10,진짜 이게 우리나라의 법현실.아오 진짜 영화보면서 하나쯤은 부시고 싶었다 진짜 너무화가나서. 하 .. 진짜 배우들의 명연기에 박수칩니다....진심 재심 형사들 죽어서라도 죄값 못갚는다.  
20170916,6,피해자 입장에서의 실화 기반 영화 실패 요인은 바로 감성팔이이다. 실화 영화는 그 사실을 제대로 다루는 것만으로 느껴지는 묵직한 감동이 있어야 한다. 재심은 어디까지가 팩트와 픽션인지부터 의심되는 인위적으로 흑백을 두드러지게 만든 감성팔이 영화이다.  
20170916,10,올레티비 무료로 해주길래 봤는데 재미있네  
20170916,10,100점 주고싶은 영화. 실화를 바탕으로 약촌 오거리 살인사건의 누명을 쓰고 12년을 복역한 억울한 청년의 삶을 보면서  우리나라 검찰개혁이 꼭 필요하구라는 걸 느꼈습니다. 검찰개혁이뤄내고 억울한 사람 없게 해주세요.  
20170915,10,진짜 나오는 배우 분들이 명연기로 정평이 나신 분들인데 왜 그런지 다시금 실감했습니다. 그리고 이 내용이 실화이고 그 결론이 부조리한 한국 사회에서 너무나도 통쾌하고 멋지게 이루어져서 감사합니다  
20170915,6,"아...처음에 소재는 실화를 바탕으로 잘 흘러가다가 법정에서 보여주는 장면과 검사, 변호사가 치열하게 다투는 장면이 조금 부족합니다ㅠㅠ  "
20170912,10,꼭 봐야할영화..억울한사람들이 없어졌으면.  
20170912,10,이렇게 멋진 영화를 볼 수 있어서 참 좋았네요.  
20170911,1,와 너무 살을붙였다 그것이 알고싶다보고 나서 영화봐서 그런지 몰입이 하나도안됨 실제사건내용 당시 진범이 아니란정황에 대한 풀이에 집중좀 해주지 변호사친구 실명된어머니 다방에서일했는여자 방해하는경찰들 만든요소가많아 분산되는느낌  강하늘연기빼곤 볼거없네  
20170911,5,경찰이란 놈들이 깡패 양아치보다 더 나쁜놈들이구만.  
20170911,10,영화 잘 봤습니다. 이런일이 다시는 어느 누구에게도 일어나지 않길 바랍니다.. 영화를 보면서 아팠고 답답했고 시원했습니다. 연기 다 너무 좋았고 시간 가는지 모르게 빠져서 봤습니다..  
20170911,1,실화는 말그대로 사실위주로 해야하고 이 사건은 그렇게 하면 정말로 좋은 스토리인데 특히 법정 내용으로 다루면 딱인데.생각보다 너무 살을붙여서 오글거림  
20170911,10,정말 몰입감있게 잘봤다특히 마지막 액션씬끝무렵은 정말 좋았다앤딩도깔끔했고..  
20170910,10,"이 영화를 통해 배우 정우를 새롭게 봤네요. 정우가 변호사역을 맞으면서 한 대사중에 ""변호사법 제1조 1항변호사는 기본적 인권을 옹호하고 사회정의를 실현함을 사명으로 한다"" 이 말이 정말 기억에 남네요.^^이말 정말 잊혀지지 않는듯....  "
20170910,8,"연출,연기는 다 좋은데  폭력이 많아 불편한 영화  폭력만 없었더라면   더좋은 영화가 될덴테...  "
20170910,10,정의실현은 먼 나라 이야긴 줄 알았는데 사익을 추구하는 대표 이미지 변호사가 한 사람의 인생을 위해 노력하는 것이 정말 멋져보인다.  
20170910,10,현실을 보여주는 명연기..  
20170910,10,관람객실화라그런지 더 잼있는영화. 우리사회에 꼭필요한변호인  
20170910,10,관람객실화라그런지 더 잼있는영화. 우리사회에 꼭필요한변호인  
20170910,5,그나마 정우 라서 5점 준다 강하늘 마약 놈 마냥 자기 의사 표시를 못하는 놈  
20170910,6,강하늘 빼곤 그냥 그렇던데짜임새 없고 억지로 짜맞춘 스토리였음...  
20170910,10,재밋네요 초반에 그저그런줄 알고 별기대 없이 봤는데 배우들 연기에 몰입되어 잘보았습니다. 억울함을 풀어주는 변호사란 직업은 천사네요  
20170910,9,배우연기몰입도 굳시간가는줄 모르고 봤네요소수 형사들과 검사땜시 열폭!  
20170909,10,"이런 영화를 만들어주신 감독님, 배우분들께 너무 감사하다는 말 전하고싶습니다. 영화를 보는 내내 분노를 참을수 없었고 실제 사건이라는 것에 더 마음이 편치 않았습니다. 꼭 한번 봐야할 영화입니다. 추천합니다.  "
20170909,9,진짜 연기력 대박... 소름돋는 영화... 마지막이좀더 길었으면함  
20170909,9,실화라니 놀라워요. 씁쓸하기도 하고  
20170909,9,쓰레기같은 나라는 김대중 정부도 한몫했구만 ㅋ  
20170909,10,보셨나요?저는 영화관에서 못보고 지나서봤는데요내용은 짐작가지만 연기가 연기같았나요? 너무대단하네요. 감정이 너무와닿아서 더그랬나바요  
20170908,10,재심 재밌네요 잘봤어요  
20170908,7,1234567890  
20170908,10,눈물 없이 볼 수 없는 최고의 영화! 실화라는데 더 감동적입니다 강력추천합니다  
20170908,10,왜 이제야 봤는지 넘 감동적  
20170907,10,모처럼 감동적이고 좋은 영화 봤네요  
20170907,4,"20%부족한 각본, 연출, 음악!  "
20170905,10,감동적인 영화 잘봤습니다. 돈없고 빽없어도 진실을 위해 힘쓴 변호사 참멋집니다^^  
20170903,10,익산 경찰서 강력계 형사들 다 OOO끼들이였다. 나도 이 영화 주인공처럼 있지도 않은 죄를 가지고 건수올리려고 익산 형사놈들에게 친구들과 길가다가 강제로 잡혀 고문을 당하고.. 결국 절도죄를 만들어서 소년원에 송치되게 하고.. 내 친구들 역시 억울하게  
20170902,10,진짜 꼭 봐라다시는 사법계에 이런일이 없기를 바라며 적폐 대상은 단호히 처벌되기를...  
20170901,10,정우 연기는 언제나 옳다 굿...  
20170831,10,좋은 영화입니다.다시는 저렇게 억울한 사람이 더 이상은 생기지 않길 간절히 바래봅니다.끝까지 포기하지 않고 최선보다 더 최선을 다해주신 분들께 고개숙여 진심으로 감사드립니다.배우들 연기 또한 몰입도 최고였습니다.  
20170826,10,관람객재미잇어요 여운이 남네요  
20170824,7,관람객으헝으헝 스읍ㄴ스읍 꼭 봐보세요 여러부운  
20170823,9,관람객본지가 한참 지났지만 재밌어요  
20170822,7,관람객재밌습니다 지나고 평점쓰네요  
20170822,10,관람객아 너무재밌어요 또보깃처요  
20170821,7,실화를 바탕으로 한 내용과 메세지는 좋았으나 눈물이 과한 듯 싶다. 수단이 되어야 할 신파가 목적이 되어버린 것이 아닌지.  
20170820,10,관람객생각읓 많이하게 해준 작품인거같습니다 즐겁게 잘 봤습니다  
20170820,10,이런 영화 만들어주셔서 감사합니다..  
20170819,10,관람객연기가 ... 대박 ㅎㅎ  
20170819,7,관람객생각보다는 볼만합니다  
20170819,10,관람객정말 재밌었어요!!!  
20170818,7,관람객늦게 작성하는 리뷰지만 다시봐도 진짜 재미있는 영화!  
20170818,9,관람객재밌었더여 ㅠ 추천합니다  
20170817,10,관람객영화를 보는 동안 가슴이 먹먹했습니다. 다시는 이런 억울한 일을 겪는 사람이 없기를 바랍니다..  
20170817,10,관람객굿굿 재밌음 다들 연기미림  
20170816,8,출연자들의 연기 좋았습니다  
20170816,6,관람객엄청 몰입해서 봤네요... 명연기..  
20170816,7,관람객보는 내내 답답한 영화..  
20170816,10,관람객가슴찌릿 저려오던영화ㅠㅠ  
20170816,10,잘봤습니다 강하늘 연기 정말 잘하네요  
20170816,8,관람객먹먹했어요. 배우들 연기 굿~  
20170815,9,관람객다들 연기가 최고였다 ㅠㅠ  
20170815,10,관람객두번다시 이런일이 없기를  
20170814,10,아 너무 늦게 섰네요ㅠ 정말 인생영화 입니다 꼭 보세융♥  
20170814,8,관람객감동이엇습니다ㅜㅜㅜㅜ  
20170814,10,관람객뻔한스토리지만볼만했어요  
20170814,8,관람객재밌게 잘봤습니다..  
20170814,6,관람객나쁘지않습니다 살짝감동  
20170814,8,관람객볼만합니다 그냥저냥저냥  
20170813,8,관람객여운이 깊은 영화에요 추천합니다ㅜㅠ  
20170813,5,관람객정말 인간적인 사람이 성공하는  
20170813,7,"잘 만들었네. 연기도 괜찮았고, 역할도 괜찮았고, 전반적으로 잘 만든 영화. 현장 재구성하는 것도 이해하는 데 부담 없이 적절히 분산되어 녹아있고, 그리고 증인 여자의 행태 아주 현실 속 김치녀 아주 잘 녹여낸 현실감 있는 작품이야. 하긴 실화니까.  "
20170813,7,관람객좋았지만 임팩트가 있진 않았습니다  
20170812,8,관람객넘~감동적인 영화였어요.연기력짱  
20170812,7,관람객정말 볼만합니다 추천드려요  
20170812,8,관람객정우와 이하늘의 연기에 이마를 탁!!치고갑니다  
20170812,10,무조건 좋네요 실화 바탕이라 더 와닿아요..  
20170812,10,관람객꿀잼ㅠ짱구연기 완전잘함  
20170812,10,관람객볼만했어요 영화 안가리는 편이긴 한데 좋았아요  
20170812,9,관람객감동적이였습니다ㅠㅠ  
20170811,7,관람객그저그랫쩌유유ㅠㅠ흐음..말로 설명이..  
20170811,9,관람객뭔가 씁슬한 영화...ㅠㅠㅠㅠ 그래도 재밌게 봤어용  
20170811,9,관람객연기자들의 연기력이 단연 돋보인영화  
20170811,7,관람객그냥저냥 재미있음 킬링타임  
20170810,8,관람객재밌었다 감동적이구 신선했다  
20170810,9,관람객영화가 흥미있고  재미있습니다  
20170810,9,관람객그냥저냥볼만함니당이거  
20170810,10,관람객좋아용 히히힐리리리맇  
20170809,7,사건을 재구성하는 과정에서 실존인물의 억울함과 진심을 어느정도 관객이 느낄 수 있도록 풀어나간 점이 높이 평가할 수 있는 부분. 그와중에 형사역 배우가 발군.  
20170809,1,관람객핵노잼 아무리 참고 보려해도 노잼  
20170809,8,관람객쓰레기같은 나라 현실을 볼 수 있어서 좋았다  
20170808,9,관람객의리가 멋있고 재밌엇다  
20170808,10,관람객오졌고 지렸고 재밌개 봣어요  
20170807,9,관람객강하늘의 연기력도 너뮤 좋았고저 시대의 억울함 이런게...화나고 답답하고넘 재미 있러ㅛ슺니당  
20170807,8,관람객정말재미있었다또보고싶다  
20170807,7,관람객볼만해요. 강하늘 다시봣움  
20170807,10,연기 미쳤다....왘ㅋ  
20170806,10,관람객배우들의 연기력때문에 몰입이 잘됬습니다  
20170806,9,관람객재미있었어요 강하늘 조음  
20170806,9,"중요한건 다시는 저런일이 일어나지 않아야 한다는,,,그래서 억울한 사람이 생기면 안된다는 ,,,영화 재밌네요  "
20170805,9,"웰메이드 영화, '재심'!  "
20170805,10,관람객재미있게잘봤습니다^^  
20170805,7,관람객강하늘 연기 최고 굿 정우는 역시나  
20170805,10,해피엔딩이 엔딩 전에 나오는 특이한 영화. 배우들이 연기 잘 하고 영화는 본론만 해서 지루하지 않았습니다. 재미 있었어요. 정 우 씨가 맡은 역할 감 우성씨가 했으면 어땠을까 생각이....  
20170805,5,관람객아직 우리사회가 건강함을 느낌니다  
20170805,8,관람객세상이 좋아지기를 바라면서 재미있게봤습니다  
20170805,8,관람객슬프퍼퍼퍼퍼펖퍼퍼퍼퍼펖퍼  
20170805,10,관람객써글놈들  공권력을 아무나  
20170805,8,관람객실화라는게 참 안타깝네요 ㅠㅠ  
20170804,1,이동휘... 응팔에만 어울렸네... 그리고 깡패이야기지 뭔 드라마야... 평점 좋게 준 사람들은 주제만 보고 영화 보지도 않네... ㅉㅉ  
20170804,10,관람객슬프고짜져진내용이완벽  
20170804,10,관람객재미잇엇습니다아아앙  
20170804,8,솔직히 8점이상은 아닌영화개연성이 좀 떨어져요 배우들 연기는정말 좋네요. 특히 김혜숙배우 연기 좋아요  
20170803,10,변호인의 라이트 버전.  
20170803,9,약간의 아쉬움은 있지만 좋은 영화네요  
20170803,10,관람객볼만합니다본만해요ㅋㅋ  
20170802,10,관람객굿굿굿재심굿꿋굿재심굿  
20170802,8,마지막이 아쉽다 재미있었다  
20170801,9,얼마나많은사람이 억울한누명을 쓰고 인생을 망쳤는가 법으다르는 사람이 정의로와야지  
20170801,10,정우 강하늘 연기력 대단하다실화라니 앞으로 남은인생 멋지게 살길 바랍니다  
20170801,10,관람객감동적이고 재밌었어요... 배우분들 연기도 굿굿~^^  
20170801,8,관람객재미있어요~~~^^  
20170801,10,관람객강하늘 너무 멋있다 정말 보면서 울컥한 영화  
20170731,10,세상에 더욱 관심을 가져야겠다고 다시 한번 다짐하는 영화가 되었어요 감사합니다  
20170729,7,관람객결말이 찜찜한 단점 말고는 평타  
20170728,10,관람객연기도 다들 너무 잘하고 특히 정우....대사가 다 울컥울컥했어요 감정 최고  
20170728,10,관람객가슴찡하고 정의는 살아 있는 영화입니다  
20170727,5,실회가 아니였다면 억지스러운 부분 그리고 김연서 연기  별로  
20170727,10,특검과 박근혜.. 이 둘의 관계는?  
20170727,8,딱히 뛰어나진 않았지만 무난하게 잘 이끌어 나갔다.  
20170726,10,관람객꿀잼임 눈물쥬르륵 ㅠㅠ  
20170726,10,관람객좋아요좋아요좋아요좋아요  
20170726,1,관람객잼잼잼개잼개잼씹쟁존잼  
20170725,10,관람객오랜만에 정말 재밋게 본 영화  
20170725,7,관람객그냥 저냥 볼만해요.연기력  
20170725,10,가해경찰 사형시키세요. 진범은 개명해서 잘살고 있다네요.  
20170725,8,무능한 사법부가 잘못된 칼을 휘두르는데 기댈곳은 한 개인의 정의감뿐인가? 언제까지 이래야할까. 강압수사도 문제지만 잘못된 판단을 인정하고 바꿀수있는 사법부의 용기가 필요하다 배우들의 연기는 최고였다 그러나 영화적으로 쓰인 극적인 에피소드는 불필요했다  
20170724,10,관람객실화를 영화한 내용이 참 좋아었요  배우들의 연기에 박수 를 정우 짱  
20170724,10,"정우, 강하늘, 김혜숙 배우님들의 리얼한 연기에 엄청 울었네요. 그 한맺힌 억울함이 뒤늦게라도 풀려 다행입니다. 현우씨! 이젠 행복한 일만 가득하시길! 자살한 형사는 지옥에서 죄 값 달게 받고 있을겁니다. 형사가 아니라 완전 막장 OOO 깡패쉑  "
20170724,8,관람객재밌게 잘봤습니다만 그것이 알고싶다의 충격보다는 덜 했었습니다. 배우들의 명연기는 정말 극찬합니다.  
20170724,10,꼭 보세요 연기를 다들 너무너무너무  잘하셔서 감정이입 제대로 하면서 봤어요 꼭 보세요ㅠ  
20170723,10,관람객재미나게 보았습니다~  
20170722,10,"..,,..,,..,,  "
20170722,1,연기도 좋았고 내용도 좋았는데. 익산시민으로서 한마디하자면. 익산에 저런 사투리 쓰는사람없습니다. 경찰관을 비롯해 심하게 사투리를 쓰는지역으로 나와서 보는내내 불편했네요. 감독이 모르고한건지 의도적으로한건진 모르겠는데. 전라도라고해서 다 사투리 안써요  
20170720,1,영화화 하기 좋은 소재와 사회적 관심이 있었던 사건을 가지고 어떻게 이런 잡영화를 만들었는지 .... 댓글 달려고 로긴한건 첨임..  
20170720,10,10.... 개같네요 개한민국 ㅋ  
20170718,10,실화라는게 믿기지 않네요. 영화 보는 내내 이 사회의 현실이 답답했어요. 영화라서 그나마 저렇게 표현된거지 실제로는 구타도 더 심하지 않았을까 싶네요. 그래도 힘써주신 변호사분이 계셔서 너무 다행이에요.. 강하늘님과 정우님 연기도 잘 봤어요!  
20170718,10,연기 장난아니네 마지막이좀아쉽지만 개잼  
20170717,9,관람객감동적이구요 재밌게봤어요 가슴이 따뜻해지는 영화였습니다  
20170717,10,관람객정말 잼있게 봤어요.. 다시 한번 이나라가 정말... ㅜㅜ 암튼잼났어용  
20170715,7,관람객실화가 주는 힘이 있네요  
20170715,10,강하늘  정우 연기 정말 잘하네요 몰입도 짱이에요  
20170715,10,관람객쵝5완전정말너무재밌엇습니다  
20170715,3,아주 좋은 소재를 가지고도 이렇게 밖에 만들지 못하는 충무로의 현실에 또다시 실망한 전형적인 졸작..진심 이거보다 그것이 알고싶다 이사건편을 다시보는게 훨씬 재밌음..  
20170715,9,후반부쯤 극적 감동을 위해 억지스러운면이 있었지만 영화니까 이해함.누명 벗은건 다행이지만 묵직하게 올라오는 퍼킹 대한민국의 민낯..좋은영화 였지만 소감이 욕으로 끝나진다. 그 당시 경찰 검찰 현직에 아직도 있다는데 사람새끼라면 진짜 자진해서 내려오길.  
20170714,8,관람객너무 슬펏음 개울었룸 흑흑  
20170714,10,관람객재미있게 감상했습니다 !  
20170713,8,실화를 모티브로 한 영화라 몰입감이 좋았다. 정의로운 세상이 되길 바라며  
20170712,10,관람객정말정말 재밌습니다. 말도 안되는 상황에 처한 주인공이 사건을 풀어가는 과정이 너무 현실적이고 마음에 와닿습니다. 감정이입까지 되면서 내가 저런 상황이라면 과연 어땠을까..많은 생각을 하게되는 영화입니다. 강추드려요  
20170712,7,"그것이 알고싶다 생방송으로 봤던 기억이 난다... 이게 영화로 만들어지고, 진실을 찾아 정말 다행이다. 영화보는 도중에 그것이 알고싶다 봤던 기억이 새록새록 떠올랐다.  "
20170711,10,명작이있다면 이 영화일것입니다.  
20170710,2,한심하다... 한심해...  
20170710,6,캐미도 좋고 볼만한작품  
20170710,9,good good good  
20170710,9,묵직하다 영화다운 영화  
20170709,10,정말 나를 눈물나게한 한국영화 두 편 이있는데 그중 7번방의 선물과 바로 이 재심이라는 영화를 통해 감동의 눈물을 흘리게 만든다. ㅠ  
20170709,7,관람객다시보고픈 영화 딘시보고픈  
20170709,8,영화가 세상과 타협했다. 속편을 만들던지 40분만 더 늘리던지..  
20170708,10,병역해결 후 충무로  차기 충무로 흥행킹이 될 사나이 강하늘의 묵직한 연기가  큰 울림을 준다. 더불어 이런 조작된 사건이 2002년도에 나왔다는것은 아직도 우리 사회가 나아가야할 길이 멀었음을 통감했다. 다시는 이런 일이 반복되지 않았으면 좋겠다.  
20170706,8,관람객오랜만에 재미있는 영화였던듯  
20170705,10,관람객찡 한내용이었음짱 재미있었음  
20170705,10,인권을 이용하여 권력을 탐한다면 천벌을 받을것이고권력을 탐한사람은 인권을 이용한다..법조인들.. 진정한 법조인은 인권을 이용하지 아니하고최고의 지식으로 낮은 사람들을 지키길 바래본다.한국의 법조인정치인들..말해 무었하랴..  
20170704,10,관람객부패경찰OOO기들.  
20170704,9,배우들 연기 단한명도 거를타선없었음존나괜찮은 한국영화  
20170703,9,와~오랜만에 영화를 즐겼다아쉬운 점은 재심이 시작하면서 끝났다는거  
20170703,8,관람객감동적이고 정말호나는영화  
20170703,1,어째 영화가 그것이 알고싶다 보다 못하냐? 감성팔이 에만 치우쳐서 실화를 바탕으로 한 영화가 사실관계도 왜곡하고  
20170703,7,법정다툼으로 계속 이어지는 게 아니라서 그게 좀 아쉬웠다. 정우 그리고 강하늘 연기도 좋았지만 무엇보다 형사역을 맡은 한재영이라는 배우 연기가 아주 좋았음.  
20170702,10,감동적이고 최고입니다  
20170702,8,관람객재미있게 봤으나 좀 지루했어요  
20170702,10,조현우가 백철기 와 바닥에 떨어졌을때 죽통을 몇대 날렸어야 시원했을탠대. 아쉽다. 이준영 멋졌다.  
20170702,8,정우의 연기 너무 좋았고 내용도 너무 좋았습니다.  
20170702,10,관람객슬펐어요잘봤습니당.  
20170702,10,명연기입니다. 억울한 일이 다시는 없기를ㅠ  
20170701,8,보는 내내 정말 울컥 많이했네요..  
20170630,9,관람객영화가 아닌 실제로도 일어날 수 있는 일들... 살면서 제발 이런일들이 없기를....  
20170630,10,명연기다 진자..  이 영화 봐야된다 아니 꼭 봐야됩니다  
20170628,10,수년이내 분명 재조명 될 아주 훌륭한 영화입니다.  
20170628,9,관람객와 이영화는 감명도깊고 굿  
20170628,10,배우들 연기 너무잘하셔서 그런지 눈물도나고 진짜 잼있게 봤어요ㅠ  
20170627,10,관람객연기를 정말 잘한다는걸 볼수있내요 기대이상으로 재밌었습니다.  
20170627,9,관람객다들 연기 너무 잘하시네요... 특히 형사분 정말 때리고싶을 정도로 연기너무 잘하심. 그리고 무엇보다 엔딩이 깔끔하고 좋았던것같습이다.  
20170627,10,정우연기와 강하늘의연기 지려따리  
20170626,10,관람객강하늘멋있어요리사식  
20170625,6,좋은  영화 인지는 모르겠지만  재미는  없네요....연기가  좋다고들  하는데  내  눈에는  어색해 보일까요  역시  정우는  사투리쓰는  건달역이  잘 어울림  
20170625,10,관람객앞으로 모든 재심을 위하여  
20170625,10,올해 본 영화 중 가장 좋은 영화입니다.  
20170625,5,배우들때문에 별반은 줬지만.. 너무 재미없는 의외의 전개네요...오히려 뻔하고 감동적이었으면 좋았을텐데 계속된 의외의 과정들만 수두룩하고 오글거리는 장면만 잔뜩있네요..오버되고 답답하고 쓸데없는 장면이 너무 많다는 느낌이 계속들어서 아쉬웠습니다  
20170625,5,영화 '변호사'랑 많이 비슷하다. 근데 영화 변호사보다 이 영화의 연출과 전개가 더 수준낮고 부자연스러움 그리고 연기들이 다소 인위적인 느낌이 강했음  
20170624,9,관람객현대 사회의 실상을 그대로 보여주는 영화.  
20170624,10,배우들 하나하나 연기를 다 잘하니 영화에 몰입하지 않을 수 없었다  
20170622,10,관람객재심...진지하게 볼만하다  
20170622,2,이런결말에 영화는 첨본다 뭐든지결말이중요하다  더 인기를 끌수있는 영화를 차라리 여관에서 형사들이랑 몸싸움하는 장면을빼고  재판과정을 넣었더라면 관객 2배는 될수거같다  
20170621,8,"정의는 존재하는 것이 아니라, 우리가 찾고 지켜내야 하는 수고로운 것. 그래서, 가치로운 것.  "
20170621,9,관람객실화를 바탕으로 한 이야기 저 이런  장르를 너무좋아해서  재미있게 봤어요~~  
20170621,5,관람객흠.. 그냥 그럭저럭 이였음  
20170621,10,마지막장면쯤에 날 찔러봐  못찌르겠지 넌 살인범이 아니니까 하면서 둘이 우는장면 감동적이였어요 눈물나올뻔 했어요  
20170620,5,소재와 배우들 연기만 좋았지... 필요이상으로 욕설과 폭력적인 장면만 많고 내용은 뚝뚝 끊긴다. 악역을 부각하려고 그랬다고 생각드는데 해소되는 부분은 너무나 짧고 자세히 나오지도 않고 극에 굳이 필요없는 내용만 영화러닝타임 90%이상...  
20170619,10,관람객지금도 우리사회에서 벌어지는 끔찍한 일들.  
20170619,9,관람객한방없이도 통쾌한 영화  
20170619,8,법이라는데 뭘 지키기 위해 만들어졌는지 생각했다. 나도 법대로 해라..라는 건 때문에 백수되고 몸다치고 그래도 보상받기 힘든상황에 본 영화..근데 더 OO 샅은게 내가 피소인이라면 법대로해라라고 말했을듯..  
20170619,7,결말을 마무리 내주는게 좀 더 통쾌할듯  
20170617,9,관람객뭔가 답답함 마음의 영화 ㅠㅠ  
20170617,8,관람객변호사보다는.. 음. .그래도 볼만해요  
20170615,10,관람객이제야작성하네요 재밋어요  
20170615,6,별로네요 소재는 좋앗지만  
20170615,9,재판장면이 거의 없어도 좋았던 영화. 지방일수록 이런 막무가내식 수사가 아직 남아있을듯.  
20170615,10,감명깊었습니다. 많은 분들이 봤으면  
20170614,8,영화 내용 좋다. 중간에 신파가 끼여 있는게 아쉬웠다. 정우 연기 좋다. 능글맞은 연기와 감정 폭발하는 연기 좋았다. 불합리한 우리나라 현실을 보여주는 영화였다. 법은 누굴 위한 법일까  
20170614,9,"관람객임시완의ㅜ연기,,,존잼탱  "
20170614,10,관람객기대보다 갠찬은 영화 입니다  
20170614,9,관람객개인적으로 재미있게 봤습니다  
20170613,10,김하늘 맞는장면  너무 리얼해요.  실화를 바탕으로 한 영화라서 몰입감도 있구요. 무죄로 되었다고하니 다행이네요  
20170613,9,"법정 영화지만 법원, 재심까지 가는 과정을 그린 부정부패가 득실대는 많이 있었을 법하는 사건들을 그린 영화.배우들 연기가 훌륭하다  "
20170613,10,경찰이야 깡패야 OOO들 천벌받아라 영화보고 가슴이 답답하면서 눈물이 나네요 꼭보시길..  
20170613,9,관람객실화를 바탕으로 제작된것이라 영화가 끝나고 실제사건을 찾아보았다 묻히면 안되는 일이라 더 인상깊었다  
20170612,10,관람객굿 대다나다ㅋ마니흥하이ㅋ  
20170612,6,"영화로 만들기 좋은 실화의 소재선택이 좋았다. 충분히 흥미롭고 몰입감도 있다.하지만, 15세 소년에서 25살의 청년이 되는 10년이라는 갭을 메우기엔 배우들의 비주얼적인 어색함이 거슬린다. (어딜봐도 15세로 보이질 않는다.)  "
20170611,5,관람객정우가 그렇게 어울리지는않는다  
20170611,10,관람객정말 재미있어요~~~  
20170611,7,관람객풀어가는과정은 정말너무너무 몰입도가 좋았으나 마지막이 너무섭섭한 영화 ㅠㅠ  
20170611,10,관람객좋은 영화입니다. 추천  
20170610,2,이건 뭐 새우 한마리로 200인분 요리를 만들엇네..이걸 보느니 그것이 알고 싶다를 봐라..지루해 죽는줄  
20170610,10,정의는 승리 잘봤습니다  
20170610,10,관람객재밌었어욯ㅎㅎㅎ강추!  
20170610,9,실화라는게 믿기 어렵네요 ㅠㅠ정말 감동적입니다~!  
20170610,10,영화 짜임새도 좋고 재밌었어요.  
20170609,10,누군가에게 잃어버린 10년... 누군가에게는 받아야 할 15년... 그리고 책임지지도 인정도 사죄도 없는 그들...  
20170609,9,관람객재밌어요 ~~~~ㅎㅎ  
20170608,9,의미있는 영화 !!!!  강하늘  화이팅  진정한 이 시대의  변호사 들  홧팅  정우씨도 홧팅  
20170608,9,강하늘연기짱이다!~  
20170608,6,이렇게 만들바에야 '그것이 알고 싶다'를 한번 더 보지...  
20170608,10,"아... 소름돋는다.... 정말 웰메이드 영화... 스토리, 배우연기 뭐 하나 빠지는게 없다.... 거기에 감동까지... 캬...  "
20170608,8,눈물을 자극하는 신파도 없고    그냥 사건의 흐름으로 보게 되는 잘 만든 영화네요...높낮이 없는 심플함이 좋네요~  
20170607,10,관람객보고 또 봣는데도 재밌어  
20170607,7,신파적 요소들 끼워넣는게 눈에 너무 보여서 외려 너무 영화 시나리오같아서 몰입이안됌..ㅠ실제사건이라는데에서 이미 의미있는 영화라서 그나마 별한개 더줌. 이정도 배우들에 의미있는 사건으로 이거밖에 못하나싶은 생각들어 더 아쉽네요  
20170606,7,감독 영화 만드는 재주가 아주 특출나지는 않아도 어디가서 안빠진다  
20170606,7,"80 , 90 년  즈음 이런 강압수사로 사건 가짜로 해결하고  승진되고 한 경찰 놈들  지금은 경찰에서 한 자리씩 하고 있겠지.  이런 사건들 모두  밝히고 책임 추궁해야 하지 않을까.?  "
20170605,8,관람객ㅂㅐ우들연기가최고였다  
20170605,10,관람객직접 현장에서 배우님들도 봐서 그런지 더욱 몰입도도 좋았구요~너무 감동적인 영화 였습니다~^^  
20170604,10,쌍팔년도 아닌데 어떻게 사건을 조작할 생각을 했을까?저걸 밝혀낸 분들도 대단한듯..  
20170604,10,이토록 훌륭한 한국영화가 등장했었음에 경의를 표합니다  
20170604,4,관람객그저그렇다 실화의남용이랄까  
20170604,9,관람객영화보러가다 교통사고나서 영화관에선 못봤지만 후에 결제해서 봤어요..^^. 진짜 연기 참 잘하네요들  
20170604,8,오히려 재판장면보다 스토리에 중점을 둔 것이 신의 한수인듯!!  
20170604,10,올해 한국영화중에서 단연 최고.. 강하늘 정우 등 모든 배우들 연기 진짜 그냥 보세요ㅠㅠㅠㅠ  
20170604,9,관람객너무너 뜻깊은 영화에요  
20170604,8,전재산 받아본적 있으십니까?제가 이겼습니다.  
20170604,10,"누구나 억울한 범죄자의 누명을 당할 수 있다. 원하지 않는다면 우리가 제대로 바로잡을 수 있다. 박준영 변호사, SBS 이대욱 기자, 김태윤 감독, 정우/강하늘/김해숙 님의 수고에 감사드린다.  "
20170603,10,꼭봐야하는 영화.정우 강하늘의 연기는 최고였다  
20170603,10,관람객내용은좋앗다 결과에서 조금 사이다를 줬으면 하는 아쉬움 그거빼곤 완벽  
20170603,10,관람객이거 진짜 꿀잼이에요 완전 강추ㅋㅋ  
20170603,7,관람객이미 영화같은 실화인데 꼭 그렇게 MSG를 쳐.야.했.냐!!! 배우들 연기 훌륭함.  
20170603,9,모텔 쳐들어가는 부분에서 1점 뺐습니다. 잔잔하지만 묵직한 영화  
20170601,8,"연기도 좋고 내용도 좋다. 교훈이 되는 대사와 장면들도 있고, 전체적으로 재밌었다. 하지만 몇몇 전개는 너무 영화적 장치로 보여 아쉬움이 남고, 실화바탕이라는 백을 믿고, 실제와 픽션의 모호한 경계를 너무 대놓고 이용한 듯한 느낌이 아쉽다.  "
20170531,7,관람객정우님 하늘님 연기 잘봤습니다  
20170530,10,관람객잼있어요ㅋㅋ재밌어영  
20170530,10,저기...사이다를 글로보는건 아니잖아... 조사과정도 엉성하고 끝에 강하는이 경찰들테러하는거 빼고 재심과정을 보여주든지.... 무슨 ..영화가흥행못하는건 다 이유가있네.. 재심이기고 형사들벌받고 이걸보고싶은건데.. ㅡㅡ  
20170530,9,관람객마지막이 좀 허무하지만 재미있었습니다  
20170530,10,와...이게 실화라니 정말 소름돋게 무섭다 아무죄도 없는데경찰과 검찰의 강압수사로 10년 이란 세월을 감옥에서 보낸 10대의 어린친구 정말 영화같은 일이 현실이라니...강압수사한 경찰은 자살했다는데 꼭 지옥에 있었으면 좋겠다  
20170530,10,눈물난다. 제발 인간답게 살자.  
20170529,7,관람객변호사의 역할에 대해 다시 한번 깨닫게 해주는 영화였습니다  
20170529,6,관람객올초에 봤지만 지금 기억엔 남아있지 않은 영화  
20170528,7,스토리나 장면들의 개연성들이 좀 뻔한 게 있어서기대에는 못 미쳤지만정우는 송강호 이병헌에 잇는 진짜 배우인 거 같다  
20170528,9,어디까지 진짜이고 픽션이 가미된건지 모르겠지만 각 캐릭들을 너무 잘 살려 내용도 살아났다. 물런 연기자의 연기의 힘이크다. 몰입도를 확 올려주기때문에 지루하지가 않다. 수정역 맡은 여자의 개 발연기에 조금 떨어지지만 비중이 없는 캐릭이라 다행이다.  
20170528,7,관람객재밌게 잘 봤습니다 ..  
20170528,10,관람객정말재미있게봤습니다.  
20170528,9,관람객강하늘 연기가 진짜 명연기네요  
20170528,10,시간가는줄 모르고 봤네요!  
20170527,10,정의로운 영화입니다. 실화를 바탕으로해서 이시대에 꼭 필요한 여운을 남기는 내용과  연기력이었습니다.  
20170527,10,강하늘의 재발견이였습니다 이사건이 80년대도 아니고 2000년대에 벌어진 일이라니 경악을 금지 못했습니다  
20170527,10,말이 필요없다 최고로 좋았던 분  
20170527,10,잘봤습니다 이제 이런 일이 다시는 일어나면 안됩니다  
20170526,9,관람객재미지네요 끝마무리가 살짝 아쉬워용  
20170526,8,실화라는게 참 안타깝다  
20170525,9,관람객아직까지 이런일이 일어날까봐 두렵네요  
20170525,10,배우들의 명연기...잠시라도 딴생각하믄 안됩니더~멋찐 영홥니더/~!!  
20170524,10,관람객추천영화입니다. 꼭 한번 보세요ㅎ  
20170524,10,정말 감동적인 영화... 하지만 다시는 일어나지 말아야 할 일배우님들의 연기도 좋았습니다.  
20170524,10,경찰 개XX ㅡㅡ 변호사님 감사합니다.  정우배우님 연기진짜최고 ~~~~  
20170524,10,가슴이 너무 아파요...  
20170523,10,아 열받아서 울었다 이세상에 일어나면 안되는일 그뚱뚱한 형사 쥐기버리고싶을정도로 연기잘하심  
20170523,10,관람객재미있게 보았습니다 ㅎㅎ  
20170523,10,역시 전라도의 끝을 보여주는 영화..10점!!!ㅎ  
20170522,8,강하늘 억울하고...속에서 끓어오르는 분노 연기...기억에 남는다..  
20170522,10,정우씨 미쳤네요 와 무슨 연기가.. 저게 연기자라는 거구나  
20170522,10,실화라 더 재미있고 더 가슴아팠다  
20170522,10,반드시 봐야할 영화 정의로운 한국이 되길 간절히 소망합니다  
20170522,5,"분통 터지는 실화를 담담하게 그려낸 점은 칭찬할 만하지만, 속물인 전문직 사람이 일련의 계기로 각성하는 과정의 한국 영화는 이미 무수히 많이 봐와서 감흥이 떨어진다.  "
20170521,7,실화다보니 꽤 흥미있는 소재이나 매끄러운 전개가 좀 부족하게 느껴져 조금 더 다음어졌으면 훨씬 재밌었을텐데하는 아쉬움이 남는다.  
20170521,7,"정우가 식당에서 물컵잡는 디테일..재미있었고, 살인자가 아니라서 못죽인다는 말할때 찡했음.  "
20170521,5,똥은 쌌는데 똥을 안닦은 느낌  
20170521,7,"박준영 변호사님 같은 분들이 법조계에 넘쳐나야하는데 ... 김해숙,정우,강하늘 연기 ...乃  "
20170520,10,"꼭 봐야할 진실!이 사건의 진범은 재판중이고 검사, 형사등은 처벌이 솜망방이 수준이였죠.말이 됩니까?!반드시 천벌 받을겁니다.  "
20170520,9,관람객실화라서 마음이아픕니다  
20170520,8,관람객평점남기고 포인트 챙김  
20170520,10,"정우, 강하늘 연기력 매우 훌륭합니다~ 정우가 강하늘을보며 대신 사과하고 안아줄때 같이 눈물이 났습니다. 한사람의 인생을 망치는 이런 억울한일이 두번다시 일어나지않길 바라며 적극추천합니다~  "
20170520,6,조연과 주연에 연기력 차가 아쉬움  
20170519,10,어찌 판결을 쉽게 내릴 수 있는가. 재심이란거 자체가 나와서는 안된다.  
20170519,10,관람객영화는재심이지요!!!굿굿  
20170519,7,볼만했던 영화이고 배우들의 연기도 너무 좋았다  
20170519,8,마지막 재판과정을 생략하지 않았으면 더 좋았을텐데 조금아쉽다.  
20170519,8,대사들이 주옥같네요. 먹이사슬의 정점이 주먹에 끝나네.  
20170519,10,볼수록 좀 괜찬고 실화를 바탕으로 만들어 졌고 이게 실화였다니..참 경찰 세사람 잘못으로 한사람의 인생을 송두리채 꺽어놓은.볼만했던 영화  
20170517,9,김동휘인가 이동휘인가 발연기때매 별하나뺸다  
20170517,9,잡을수 있는디 왜 안잡아? 잡을수 있는디...  
20170517,8,관람객악역분의 연기가 좋았다  
20170517,9,이럴수가...  재미있다  
20170517,10,관람객굿굿!!!!재밌음~  
20170517,10,오랜만에 좋은영화 봤다  
20170516,7,거대하나 새롭진 않은 문제의식...그 안에 좋은 연기  
20170516,7,관람객보다가같이 억울해짐볼만햇던듯  
20170515,4,관람객너노초노며터너탸너냐너묘코텨녀  
20170515,9,관람객현재 거주하고 있는 지역에서 있던 사건이라 더욱더 감동이네요  
20170514,7,실화를 바탕으로 만들었지만 느슨한 각색이 아쉽다.  
20170514,10,관람객진실은 항상 승리한다 ㅋ ㅋ ㅋ  
20170514,9,명작. 혹자는 결말이 아쉽다고 하는데 전혀 그렇지 않음. 적절하고 깔끔하게 영화가 막을 내린 느낌이었음. 결말 보다 과정에 치중한 좋은 영화.  
20170514,7,강압조사로 거짓 자백으로 누명을 쓰는 사람들이 없기를...  
20170514,10,관람객재심심재심재 정우굿굿  
20170514,6,공개된 시나리오를 힘있게 잘  밀어부쳤다.  
20170514,10,변호사가 현우에게 미안하다고 할 때 나도 미안한 생각에 눈물이 많이 났어요영화 감동!!! 입니다  
20170514,10,첨에는 분노하다 후반부에는 슬펐고 끝날땐 기뻤다  한국사회의 한 단면을 보여주는 영화다 꼭 한번 보기를 바란다  
20170513,9,관람객슬프지만.. 배우들 연기가 장난 아녜요  
20170513,8,관람객다시한버 생각하겡산듬  
20170513,10,이건 최고의 명작이다 진짜!  
20170513,5,어떻게 하면 영화를 이렇게  짭스럽게  뺄 수가 있지?  
20170513,10,관람객재밌어요 굿굿 정말재밌어요  
20170513,9,관람객시간가는줄 모르고 본것 같다!!  
20170513,9,관람객배우들의연기가빛나는영화였어요억울한누명억압적인경챨다그런건아니겠지만 화나고슬픈영화였네요  
20170513,10,연기력 끝장나네요너무 재밌지만 화가 나네요대한민국의 현실  
20170513,8,관람객저마로재마나게조아라  
20170512,8,관람객연기자들의열연이 빛난 영화~~  
20170512,2,이야기 실력이 떨어지니 주제와 소재까지도 퇴색해버렸다. 인물들의 전형적 감정과잉연기와 과장된 악역캐릭터도 김을 뺀다.  
20170511,7,강하늘 연기 훌륭하다.  
20170510,10,수사했던 경찰새끼들을 다 족쳐야한다  
20170510,10,관람객배우들 연기가 너무 리얼합니다  
20170510,7,관람객사회에 던지는 메시지가 있는 영화. 판결이 나오기 전에 영화가 제작되어 아쉽  
20170510,10,관람객꿀잼~~!!꼭보세요 ^..^  
20170510,8,관람객재밌긴한데 허무한 결말  
20170510,9,재미있네. 끝이좀 시원하지 못한느낌은 든다.  
20170510,10,열받게 재밌다 연기에 감탄하고 스토리에 감탄하고  
20170509,10,관람객너무너무 감동적이다 눈물샘 폭팔  
20170509,10,10점 줄 가치있는 영화  
20170509,10,연기며 연출이며.. 10점을 줄 수 밖에 없는 영화네  
20170509,10,관람객재심재심재심그냥볼만함요  
20170509,10,관람객보는 내내 긴장감을 늦출수 없었던 영화.다시한번 보고픈 영화~♡  
20170509,1,더이상 못보겠다ㅁ;니ㅏ얼;미나ㅓㅇㄹ  
20170509,10,관람객본지오래데서 기억이 안난다아~  
20170509,10,말이필요없다 영화보고 판단하기  
20170508,10,관람객많이많이 잼있어요~~  
20170508,6,관람객재밋엇습니다!! 좀 슬프기도요  
20170508,10,관람객재밌습니다 꼭 보세요 재밌습니다.  
20170508,10,두말할 필요없다 최고의 영화다  
20170507,10,관람객재미있는영화였던거같습니다  
20170507,7,관람객생각했던것보다지루함.  
20170507,9,관람객결말이 살짝아쉽긴한데 다른것이 충분하다  
20170507,5,영화보다 그것이 알고싶다가 더 흥미진진하게 느껴지는..  
20170507,10,감동적인 실화이네요.꼭보세요.  
20170507,10,올만에 정의로운 따듯한 영화.. 지금 이 시기 우리들에게 필요하고 누군가이게 들려주고 싶은 그런 내용의 영화네요.  
20170507,10,관람객우리나라가 공평한 나라가 됐음 좋겠어요 재밌음  
20170506,8,불꽃 튀는 연기의 향연 그것만으로도 가치가 있다.  
20170506,9,관람객재미있어요 추천 추천 추천! !  
20170506,10,진짜 재밋음 찾다가 우연히 봣는데  
20170506,10,진짜 너무 재미있었다 ㄹㅇ 지렸다 그나저나 현우 너무 불쌍하다 ㅜㅜ  
20170506,9,"피곤한 저녁인데도 집중하며 볼수 있었다~ 끝마무리가 살짝 아쉬웠지만, 배우들 혼신의 연기도 빛났다.  "
20170506,3,그것이 알고싶다 아류작.  
20170505,9,"믿고 보는 강하늘과 김해숙의 연기 . .  배우들의 명연기로, 만들어진 가슴 찡한 실화.  "
20170505,4,관람객뭔가 마지막이 좀 아쉬움영화  
20170505,10,관람객결말이 아쉬웠어요 기승전결 중에 기승전까지만 보는느낌... 그래도 많이 생각하게되는 영화였어요  
20170505,8,관람객대표님은 전 재산받아보셨슴까???ㅠㅠ어흐흑ㅠㅠㅠㅠ  
20170505,10,관람객재밋습니다 꼭 보세요 화이팅  
20170505,10,법에 대한 생각을 해주게 만드는 영화  
20170505,6,똥싸다만느낌은머지ㅜ  
20170505,10,썩어빠진 대한민국 현실에서 몇 안되는 사이다  결과다.  
20170504,9,관람객짧은 러닝타임 내에 모든 내용을 설명하기에 조금 시간이 부족했던 것 같은 느낌을 받기는 했지만 정우와 강하늘의 연기가 몰입도를 높여주었고 실화를 바탕으로 했다는 점이 가슴을 더 먹먹하게 만들었다.  
20170504,10,재판장면 1분. 나머진 탄탄하고 감동깊은 내용들!! 꼭보세요. 강추입니다.  
20170504,1,한국영화 수준이 점점 낮아지는 느낌이 든 영화네요  시간이 참 아깝게 여겨집니다  
20170504,10,부러진 화살과 같이 사회고발 영화고 배우들이 연기를 잘 해서 너무 재미있게 보았지만 마은 한편으로 씁쓸한 영화이다. 그런데 실제 담당검사는 왜 아직까지 현직 고위직 검사장으로 일을 하고 있는지 정말 화가 난다. 더러운 새끼들....  
20170504,10,예상외로 너무 좋았던 영화. 정말 대한 민국 사회 더더욱 싫어지는 영화.  
20170504,9,관람객내용도 괜찮고 감동적이었습니다  
20170503,10,두번 다시 있어서는 안되는 실화...변호사라는 직업...직업이 문제냐 사람이 문제지  
20170503,8,대한민국 썩어 빠진 법과 이익만 추구하는 세상..이제 좀 달라지자.  
20170503,9,관람객실화를 바탕으로 했다던데..이런분만 계시면 세상이 밝아질 것 같아요~~  
20170503,10,박준영 변호사님 존경합니다  
20170503,8,연기는 좋으나 마지막에 변호인같은 딱 임팩트가 없네 친구변호사이야기는 괜히 왜 꺼내는지는 잘모르겠고..  
20170503,10,2000년도에 이런일이 일어났다는게 믿기지 않았습니다.연기자분 연기도 좋았고 실화라니 마음이 아프네요.  
20170503,10,왜 이제서야 보게됐는지 가슴이 먹먹허고 정말 재미있게 봤습니다 한이 어떻게 풀어지겠어요만....국가가 충분히 보상을 해줬는지 씨발 열받네요  
20170503,9,차라리 도망을 치라는 엄마의 절규에 가슴이 먹먹해졌다.돈이 아깝지 않은 수작이었음.  
20170503,10,박준영 변호사 같은 법조인이 있다는 게 그나마 희망  
20170503,10,영화보면서 정말 많이 화가났었어요. 우리 제발 양심적으로 삽시다.  
20170502,7,그냥저냥 볼만했음 7점  
20170502,9,극장에서 못본게 후회되넹  
20170502,10,관람객많은것을 느꼈던 영화 슬픔  
20170502,9,대한민국에 정의라는 달달한게 남아있다면 이렇게..  
20170501,10,슬픈 대한민국의 현실...정우는 정말 대배우다~  
20170501,10,명연기.. 감동있고 진짜 좋은영화!!  
20170501,10,"대한민국 국민이라면 반드시 꼭 봐야하는 영화다. 나 자신을 포함한 가족, 친구, 주변사람들도 사법부의 탐욕과 부패하고 썪은 공권력의 피해자가 될 수 있기 때문이다.  "
20170501,10,관람객다들 연기를 너무 잘해요  
20170501,10,영화란....good  
20170501,8,전라도는 나쁜사람들이. 차암...많다. 정말. 많음 정말  
20170430,8,전모씨가 생각나고 억울하게 피해입은 사람은 세월이 지나도 똑같은 자리고 권력남용한 사람은 아직도 잘사는 사회.. 너무 짜증나고 화나네요  
20170430,10,이영화가 더 많이 알려줬어야 했는데 ㅠㅠ  
20170430,9,관람객여러생각을 하게 하는 영화  
20170430,5,변호인 안보신분들한테 추천  
20170430,10,관람객3ㅔㄱ0ㅎ00데패피ㅣ리  
20170430,6,억울함이 없는 세상이 오길  
20170430,8,정우땜에 영화가 사네..강하늘은 연기 한참~~~~더 배워야 할듯 !  
20170430,10,왜 일찍 영화관에서 내렸는지 모르겠습니다.꼭 한번 보세요!가슴이 뭉클합니다.  
20170429,8,줄거리에서 오는 먹먹한 눈물이 있다  
20170429,10,훈훈하다. 마음이 따뜻해지는 영화이고 정의가 불타오르는영화이다  
20170429,10,관람객너무재밌어요 또보고싶어요!  
20170429,5,배우들 열연을 2000년대 싸구려 연출로 망쳤다. 어설프게 감동과 감탄을 쥐어짜내려고 하는 사족같은 장면과 사극에서나 나올법한 근엄한 음악이 배우들 연기를 퇴색시켰다  
20170429,9,좋다 연기 연출 감동 재미 다 잡았다  
20170429,9,정의는 기필코 승리한다.  
20170429,10,관람객아놔조아조아너무조아  
20170428,7,산으로 가네.. 산으로..  
20170428,7,재심해서 무죄 받음 뭐하냐고 제일 좋을 나이때 인생을 감방에서 보냈는데 그건 돈주고도 못 산다ㅋ  
20170428,8,관람객초반에 지루하다가 마지막도 지루하네요  
20170427,10,실화 기반이었다는 것이 충격...요즘도 이런일이...  
20170427,10,배우들이 연기도 잘하고 이것이 실화라는 사실이 안타깝고 매우 화났다. 그치만 끝까지 고난들을 이겨내고 재심을 하고 그렇게 승리를 만든 것이 대단하고 멋졌다  
20170427,9,"일단 감독님, 영화 너무 감명깊게 잘 봤구요. 주연, 조연 할거없이 연기 구멍 하나없는 배우분들 너무 고생하셨습니다.  "
20170427,10,"관람객연기, 시나리오, 편집 뭐 하나 빠지는게 없습니다. 화려하지 않지만 폭풍 감동이 밀려옵니다!  "
20170427,9,진짜 잘봤습니다.  보는내내 열받네요.  
20170427,9,관람객정우라는 배우를 다시 보게 만든 영화  
20170427,10,관람객말이 필요한가.. 강하늘 미쳤다  
20170427,8,관람객실화라니말도안되네요  
20170427,10,ㅜㅜ정말 화나고 속상한 일어었네요ㅜㅜ  
20170426,6,쓸데없는 에피소드만 잔뜩 넣어서 피해자마저 반범죄자처럼 만들어버렸네 재심의 디테일을 좀 살렸다면  
20170426,7,영화는 재밌는데 볼수록 분통터지네 경찰인지 깡패인지 구분을 못하겠다 100%사실은 아닐테지만 어느부분은 진실이니 대한민국이 싫어진다  
20170426,10,관람객꼭살면서 이런일이 나에게 일어나지않는다는생각은 내려놔야한다  
20170426,9,관람객역시 믿고보는 배우들 영화답네요  
20170426,10,각본연출만...나머지는  너무 좋은데...  
20170426,5,후반부의 쓸데없는 잠입액션보다 법정에서의 활약과 결말을 마무리 짓지.... 펼쳐놓은 건 많은데 풀어나가는게 어려웠나....  
20170425,10,김대중 정권 이네 후덜덜  
20170425,3,관람객변호인을 기대하고 봤다면 소소  
20170424,7,"취지는 좋은데.. 개연성이 부족해보였고, 제목과 다르게 법정내용, 즉 법리적인 다툼이 거의 없다는 게 아쉬움  "
20170424,9,관람객마인크래프트 우진군 마녀 v.s  
20170424,9,관람객오~크게 기대 안하고봣는데 역시 좋아요~^^  
20170424,10,늦게봐서 미안한 영화!! 연기자 모두 최고마지막 실제 변호사님 존경합니다~!  
20170424,9,크게 기대없이 봤는데 스토리 탄탄하고 배우들 연기력에 몰입도 최고네요! 시간가는줄 모르고 봤습니다.  
20170423,10,관람객좋아요좋아아요좋아요좋아요  
20170423,8,영화보다 영화같은 일들이 현실에서 벌어지지만.. 이런 일은 영화 속에서만 일어났으면..  
20170423,9,형사분 연기가 ㄷㄷ 진짜 죽이고 싶었음  
20170423,9,"강하늘, 정우의  인생역작!  "
20170423,9,알고 있는 이야기지만... 감동이 배가 되는 영화.  
20170423,9,관람객재미잇엇어용~~ㅎㅎ  
20170423,10,꼭 많은사람들이 보고 알려졌으면 좋겠습니다. 다시는 이런 일이 없도록  
20170422,9,관람객사건 전개가 재미있었음  
20170422,10,최고의 영화. 안보신분들은 보시길 바랍니다. 형사들이 얼마나 더러웠고 전두환때 끝난줄알았던 원시적인 일들이 얼마나 오래갔는지 알 수 있었네요  
20170422,8,"관람객굉장히 감동적이고, 우리나라 법이 아직은 다 썩은게 아니구나를 알게됐다.  "
20170422,7,나쁜 사람들은 반드시 응징하고 억울한 사람들의 억울함을 풀어주자.  
20170422,7,이 영화의 실제인물처럼 억울하게 옥살이하는 사람이 얼마나 더 있을까. 안타까운 현실이다.  
20170421,9,관람객정우연기도훌륭햇지만 내용역시짱이엇던거같네요~ 우리사회에대해다시한번실감햇어요~~이런일은두번다시없음하는바람으로감동잇게본영화~  
20170421,6,관람객너무 앞이 다 보이는 그런 영화 배우연기 보려면 봐라  
20170421,7,영화보다보니 시간 후딱 잘간다  
20170421,10,다소 작위적 설정들이 거슬림. 다소 아쉬운. 하지만 박준영 변호사에게는 경의를 표함. 평점 6.5  
20170420,10,꼭 한번쯤 봐야하는영화  
20170420,8,정우만의 트레이드마크 연기 보는 재미와 실화의 감동..^&^  
20170420,4,그것이 알고싶다보다 못한....뻔한 쪽으로 이야기의 살을 붙이고 쓸데없는 살들이 많음...  
20170420,10,보통사람 보고 재심 봤는데 재심이 낫더라  
20170420,10,정말 연기들이 명연기입니다.가슴뭉클하고먹먹해요  
20170419,10,마무리가 안좋았다?? 충분한 증거 증인이 완전히 확보되고 결말이 보이는 재판을 굳이확인 하며 재방송을 보며 질질 끌기보단 깔끔하고 심플하게 종결지었다  훌륭한 연기로 이 사회의 불합리한 단면을 잘 보여주었다  
20170419,10,진짜 연기지리고 박준영변호사님 멋있어요  
20170418,7,재판 과정이 생략된것이 아쉬움.정우 와 강하늘의 연기는 좋았다.  
20170418,10,관람객완전 잼있어요 연기력대에에엥박박  
20170418,5,흘러가는 분위기는 꽤나 긴장감있게 전개되는데 간혹 중간중간 쌩뚱맞는 장면이 나온다 진범과 누명남과 변호사가 갑자기 말도 안되게 조우한다던지 누명남이 경찰 미행하다 다른 누명남을 구해준다던지 여튼 좀 쌩뚱맞는 장면이 나옴 역시 그냥저냥 독립영화 수준  
20170418,10,뻔하고 식상할 줄 알았는데 생각보다 재밌고 잘 만든 영화  
20170418,9,관람객상당히 재밌었습니다 !!연기도 좋았고  
20170418,7,마지막에 어설프게 재판하는것보다 지금처럼 없는게 나을수도있자만..아쉽다.. 뭔가 체한느낌  
20170418,9,진짜기대안하고 실화영화잘안보는데 정말 인상깊게봤어요ㅎㅎ  
20170417,8,실화를 바탕으로 재밌게 각색하여  보기 수월했다.정우하늘은 물론 형사 역 맡으신 배우 분 열연으로 부들부들하며 몰입하게 됨.. 실제 담당 형사는 10년 놀고먹다 목 죄어오니 얼마전 자살 했다던데 부디 죽어서도 남은 죗값 받으며 고통받기를..  
20170417,6,영화의 구성 : 기-승-전-?   발단-전개-위기-절정-?   결말이 없어 ㅡㅡ(결말은 자막으로 대체. 끝.)  
20170416,1,솔직히 8점 이상은 아니엇고.. 7점 정도면 적당할듯  
20170416,2,아.. 잘보고 있는데 갑자기 끝나버림 끝났는데 벙쪄서 계속 보고 있었음 이제 막 클라이막스 터뜨릴려는데일분만에 끝내버리는듯한. 갑자기 화장실 급해서 급마무리한 영화..ㅜㅜ  
20170416,1,관람객생각했던것보다 재미가 없네욘 감동도 없규  
20170416,8,"다들 연기가 너무 좋았다. 그알 때 봐서 알던 내용이었지만 주위 사람들의, 특히 어머니의 입장이 나와서 너무 슬펐다... 재판 후를 조금 더 보여줬다면 더 좋았을 것 같다.  "
20170416,10,대한민국... 참 답답하다.  
20170416,2,8점대 평점보고 봤다가 언제끝나는지 시계만 쳐다본 지루하고 뻔한 영화  
20170416,5,담당 형사와 검찰새키들 무기징역 때려줬으면 좋겠다. 딱 먹고 살정도의 쓰레기 음식 주면서 개처럼 노동시키고. 연기력과 내용은 정말 좋은데 연출력이 좀 딸리네 오토바이 운전하면서 담배 불을 누가 붙이냐 절대 라이터에 불 안붙는다.  
20170416,7,소재는 좋은데 부족한 느낌은 뭔지...걍 뭐 메세지는 잘 와닿았어요.  
20170416,10,"형사소송법에 이런 말이 있습니다.. “9명의 범법자를 처벌하는 것보다, 1명의 죄없는 자의 누명을 씻어주는 것이 더 중요하다.” 법조인을 꿈꾸고있는 학생으로서 단지 범법자를 처벌하는 법조인이 아니라 한 사람의 누명을 씻어줄수있는 법조인이 되겠습니다.  "
20170416,10,"영화로 만들어주신 감독님,배우들 및 스텝들.존경을 표합니다. 누구보다...포기 않고 끝까지 밝혀주신 변호사님.당신같은 분이 있기에 세상은 아직은 살만한가봅니다. 최고의 영화.  "
20170416,5,"내가 이렇게 당했기에 억울한사람 많을꺼다. 제발 양심없는 법따위는 버리고 사람말좀 들어줘라. 정말 끔찍했던 기억을 다시, 생각나게 했다.  "
20170416,8,그것이알고싶다 제작진은 목숨을 걸고 일하는구나  
20170415,9,강하늘 남우주연상은 아니라도 후보에는 올려야된다 진심  
20170415,10,와 정말 멋있게 잘만든거같에요 감명깊게봤음  
20170415,5,"전체적인 구성이나 스토리가 송강호의  변호인과 비슷하고,, 많이 겹치더라~~물론 변호인이 훨~~잼밌고, 감동적이지만....  "
20170415,9,관람객좋은영화  관람  했습니다  
20170415,8,관람객너무가슴아팠어여ㅠ 거지같은현실이ㅜ  
20170415,7,이렇다할 큰 반전이 없이 정말 예상대로 흘러가는 무난한 영화였습니다. 연기력은 인정. 더도말도 덜더말고 정말 딱 보통인 영화네요.  
20170415,3,초중반까진 평범한 법정드라마로 흐르다가 중후반부터는 개연성없는 막장액션신파로 변모한다. 재심이란 특수한 소재를 다뤘지만 여타 법정드라마와 차별화되지도않고...처음에 간간히 나오는 유머로 웃음을 줬다면 중후반부턴 더할나위없는 상투적전개로 실소를 준다  
20170415,10,관람객너무재밌다 꼭봐라 쩐다 개  
20170415,8,좋은 영화이긴 한데...강하늘의 연기....왜 전라도 사투리와 경상도 사투리가 오락가락 섞이는가..???? 신경쓰인다.  
20170415,10,최근 영화중 최고입니다.박그네 최순실게이트로 인한 관객수가 아쉽네요.  
20170415,10,검찰개혁 필요하다 진짜  
20170415,9,"다 좋았는데, 친구가 너무 갑자기 변한것 같아서 의아했다  "
20170414,8,내용 연기 모두좋았으나 끝에 재판장면 안넣은게 아쉬움  
20170414,6,"정의감에 사로잡힌 변호사로 변화하기엔 초반 막장변호사가 너무 강했다. 등장인물들이 전반적으로 극단적이며, 상황설정도 비현실적인데.. 젠장 실화라니. 형사역 연ㅇ기와 마지막 씬에서 배우 정우의 연기는 일품. 다큐 '자백' 의 김기춘은 법정에 안세우나?  "
20170414,6,자칫 오버할 수 있는 사건인데 자연스럽게 잘 표현  
20170414,10,노무현 시절 내용이라 언론이 조용하구나  
20170414,7,재판장면은 연출할 용기가 안났던걸까 .  
20170414,10,너무 감동이고 내가 다 한이풀린것같아서 정말다행스럽고 고맙고 이연기자들도 너무 감동적이다.평점은 처음 남겨보는데 10점이아깝지않고 여기나오는 변호사는정말 대단하다.  
20170414,8,연기는 빈틈없이 정말 꽉찬 느낌이였고 긴박하고 스피드있는 전개가 아니여도 충분히 몰입도 높은 군더더기 없는 깔끔한 영화  
20170414,7,스토리 전개 완성도 낮음 배우 캐스팅의 오류 배역을 소화하기에는 한계를 보았음 중년배우분들의 연기는 돋보여 너무 짧아 금방 끝난 느낌 아쉬워  
20170413,1,다 떠나서 나중에 살인 미수잖아?...-_-;;;  
20170413,1,막판 뭐냐 ㅈㄴ 기대했더니 시작하겠습니다 하고 그냥 끝? ㅈㄴ 얼탱이 없네 ㅋㅋㅋ  
20170413,8,관람객연기대박  감동이였습니다  
20170413,10,정말 감동적으로 잘 봤어요  
20170413,2,전라도 전용영화인듯.. 전~혀 공감이 안가네요  
20170413,8,근데? 그 도라이 검사 시키는 어찌되었나요 ? 교도소에 처 박았나요?  
20170412,10,관람객아주마니깜짝놀랄것이다  
20170412,10,연기력은 두말할것도 없이 최고였고감명깊게.잘봤습니다  
20170412,10,관람객아주만이재미있었슴감동적이고  
20170412,9,와~연기자들 연기 진짜!!! 지루할틈 없이 너무 재밌어요!!!  
20170412,10,간만에 감명 깊은 영화 봤습니다.  
20170412,10,관람객영화 이름이 재심인데 막상 진짜 멋있거나 그런 재판장면없이 충분히 기대이상으로 재밌다..  
20170412,9,열연에 박수를 보냅니다  
20170412,8,기대없이 봤다가 훅 들어오네...  
20170412,10,잘봤어요ㅎㅎ.마지막이 좀 아쉽더라고여  
20170412,9,"진짜 간만에 보는 재판영화중 정말 웰메이드다. 오히려 재판으로 승소하는건 알만한 사람들이 다 아는 사실이라서 안 궁금할수 있는데, 재판이 어떻게 왜 시작했는지를 정말 잘 만든 영화인것 같다. 재판영화에서 재판없이 이렇게 짜임새있게 만들다니.  "
20170411,7,실화라는게 감동적이지만 다소 상영시간이 긴점은 옥에 티.  
20170411,10,정말 감동이고 몇번을 눈시울붉히게 만드는 영화네요  
20170411,9,관람객아녕아헤셔여우느아갸드  
20170411,10,이게 실화라니...너무 가슴이 아픕니다. 소년에게 큰 선물이 되는 작품인것 같습니다..  
20170411,10,"아무런 정보 없이 그냥 봤다. 드라마틱한 한방이나 만화처럼 잘난 주인공의 멋진액션이나, 눈물짜내기용 컷 같은건 없었지만,정말 짜증나게 답답하고 억울한 현실을 그대로 잘 표현 해줘서 나는 주인공이 멋져 보였고, 가슴쪄리하게 울었다. 엔딩 때 실화인걸알았  "
20170411,10,정말 연기 너무 잘하심들..  
20170411,8,관람객그럭저럭 재미있었습니다.  
20170411,10,정우 정말 미친 연기네요. 최고입니다.  
20170411,7,약간 루즈 하지만 시대적절성은 타이트하다. 악의적 정의문란자 들을 훨씬 더 강력하게 처벌해야 할 이유.  
20170411,8,정의는 살아있다이것이 현실에서도 그대로 통하는 말이길 바란다  
20170411,10,가슴뭉클한영화 앞으로도이런 일은없어야...  
20170411,5,변호사 안어울려요..  
20170410,2,깡패새끼  주연으로 뜬 새끼는 보고 십지않다 칵 퉤  
20170410,9,다큐로서가 아니라 영화로서 별 9개. 시간 가는 줄 모르고 봤음  
20170410,10,관람객너무 슬프고 대한민국 헌법수호  
20170410,10,믿고보는 정우 짠하네..  
20170410,10,2000년도에도 멀쩡한 사람  범인만드는 경찰있었다는게 소름이다  
20170410,9,딱히 잘만든 영화는 아닌데 실화에 기반했다는게 무겁게 다가온다.  
20170410,6,관람객멋진 연기를 보며 재미있게 잘 봤어요  
20170410,10,잼있어여~ 억울해서 눈물났던 영화인것 같아요...추천합니다~  
20170410,3,"관객들이 원하는 카타르시스를 못느낌. 실제사건을 바탕으로 했으면 모든 결말을 알고 보는 영화일텐데, 애매하게 끝낸 열린결말이 답답하다. 마지막에 먹으려고 아껴둔 햄 한 조각 떨어뜨린 기분.  아 답답해  "
20170410,4,MSG(영화적 재미요소)를 넣으려면 좀 더 과감히 넣었어야 했다. 어설프게 넣으니 실화가 주는 맛도 이상해져 버렸다.  
20170409,10,인생 영화에요연기도 다들 진짜...이렇게 훅 올라오는 영화는 정말 오랜만이에요  
20170409,5,과정만 있고 결과가 없는 영화  
20170409,10,"정말 간만에 감동깊게 봤습니다. 정우, 강하늘, 김해숙..연기부터 스토리, 연출 모두 만점을 주고싶습니다.! 마지막에 재판하는 과정도 보여줘서 완결했다면 좀더 좋았을걸...하는 아쉬움이 좀 남지만 최고의 영화입니다.  "
20170409,10,★★★★명작★★★★  
20170409,9,정우 김하늘 다시 봤다.  
20170409,7,"정우가 생각보다 연기 찰지게 잘하는구나. 강하늘도 젣법 선방했고, 이동휘는 기대보다는 약했음  "
20170409,8,꽤 볼만했음 추천 추천!!!  
20170409,6,관람객가슴 울리고 훈훈하지만 먼가 아쉽다  
20170409,1,마무리 개같음     서둘러 정리함  
20170409,10,진짜 너무 재밌다.. 감동적이고..  
20170409,6,한번 쯤은 볼만한 영화.  
20170409,9,두 연기자의 불꽃튀는 명연기가 압권이었다. 부드러운 시나리오와 극의 적절한 속도는 연기자들을 더욱 돋보이게 했다.  
20170409,10,눈물 쏙 빼는 진짜 멋진 영화 였습니다다시 한번 대한민국의 정의는 살아 있다는걸느낄수 있었던 영화 였습니다  
20170409,9,한국 법정영화로는 잘 만들었다. 상영시간을 40분쯤 추가하여 재판장면까지 포함했으면 더 좋을을 텐데 아쉽다.  
20170409,10,최곱니다  잘봤습니다 ! 짱  
20170409,8,결말이 알려진 영화라 집중하기 힘들었는데 잘 잡았다. 연기 잘 한다 했더니 동주에서 봤던 배우군. 엄마가 아들을 내쫓는 장면은 근래 본 영화들 가운데 최고였다.  
20170409,10,"배우들의 연기력, 내용의 시사성과 감동까지 뭐하나 빠지지 않는 영화다.  "
20170409,1,지루하고 진부한 감정끌기 영화..  
20170409,10,정말 감명스럽게 봤다. 100점이라도 주고싶네.  
20170409,10,관람객완전 재밌어요또보고싶당  
20170409,10,명연기다. 두 배우 훌륭합니다. 감동입니다.  
20170409,10,러닝타임동안 군더더기 있는 장면 없이 중점만 보여준거 같아 더욱더 좋았습니다.  
20170409,10,처음남겨보네요...배우들연기 엄지척입니다!!!  
20170408,10,연기 너무 좋았습니다!!!  
20170408,10,팩트라 슬픈 연기도 팩트  
20170408,6,그닥.... 영화가 조잡하다  
20170408,9,와우... 가슴이 먹먹하네  
20170408,10,배우들의 연기력 영화의 흐름 전체다 좋았었어여  
20170408,8,재미있다. 연기도 괜찮았고. 결말은 해피엔딩이겠지만. 과정을 잘 표현했다.  
20170408,10,다시는 세상에 이런 억울한 일들이 일어나지 않기를 바랍니다.  
20170408,1,"3류를 넘은 5류 .,.,.,.,.  "
20170408,7,시대가 이렇게 바뀌었는데 근혜는 3공 시절이 계속된 줄 알았던거다...  
20170408,10,관람객내가다억울하고분햇다 우리나라가그렇지  
20170408,8,공정한 나라를 위하여.. 선거를 잘 합시다!!  
20170408,10,강하늘 연기에 만점!!!  
20170408,9,관람객볼만했던 영화인거 같ㅇ다  
20170408,8,뭔가 20%가 부족한 느낌  
20170408,8,관람객재밋게 봤는데 마무리가 조금 아쉬웠다고해야되나 암튼 먼가 20프로 부족한 느낌입니다ㅋ  
20170408,7,사실적이긴한데 감동적이진 않았다 조금 밍숭한듯 연기들은 굳♡  
20170408,10,막이별루.재판시작해2분만에끝남뭐지???제목이재심이라해서 당연재판일줄알앗는데 아닌거에또다른신선함인데..오히려끝을다보여주었으면 여운이없는거아닌가.영화란 뭐지??할때끝나야 요런생각저런생각에검색질에ㅋ고런재미아닌가소리치고박수치고끝나는건오히려미리짐작할수있는식상함  
20170408,10,"영화가 보는 내내 즐거움을 주진 않았고, 보고나서의 통쾌함을 선사하진 않았지만 이 영화의 가치는 모르고 있던 비극적이고도 아름다운 이야기를 자세히 알게 해주었고, 전하고자 하는 잊지 말아야할것을 확실하게 상기시켜줌에 있어 완벽한 영화였다고 생각한다.  "
20170408,8,영화  보러갔다가 연기력 보고왔네 ㄷㄷ  
20170408,10,난 변호사가 으무르 그랐었도 죽였을것 가드. 현실애서는 못하겠지만 ...경찰들아 정말 실적을 위해 그러지 마라...  
20170408,7,암 유발과 치유 과정의 줄다리기.  
20170408,10,"이런 사건이 실화라는게 충격이고,그래도 이런 변호사님들이 존재하기에 감사하다.공의와 정의가 강같이 흐르는 사회를 기도해본다.  "
20170408,10,남의 일이 아니라 나의 일이 될 수 있다  
20170407,9,와.. 감탄이 나오네요. 가벼운 마음에 보게된 걸 반성하게 합니다. 실화바탕이라는 것에 안타까웠네요 . 영화 자체만으로 어디하나 흠잡을 곳이 없네요. 최근 본 영화중에 최고였습니다.  
20170407,9,익산토박이로서 익산 사투리 너무 오바해서 함.. 미안하지만 영화에 나오는 사투리는 전라남도쪽까지 가야 나오는 사투리  
20170407,8,관람객웃고 울고 감동적인 영화입니다!  
20170407,10,괜찮게  본 영화입니다.  실제 사건이 잘 풀려서 정말 다행스럽습니다 좋은 영화 감사합니다.  
20170407,10,스토리도 좋고 연기도 좋고 무엇보다 재미있게 몰입해 볼수 있어 좋았다  
20170407,10,관람객그나마 현실에선 잘풀려서다행이다  
20170407,4,사회문제를 다룬 이런류의 영화들 이젠 식상하네요.픽션을 가미해서 감정이입 시키는 전개방식도 뻔하고 결말은 왜 그런식인지..이런사건이 있었구나 환기시켜주는데 의의는 있지만 영화자체는 재미없고 별루였음.극장서봤음 엄청 돈아까웠을듯.  
20170407,1,정우 연기 이제 좀 식상하네~ 이걸 보고 연기좋다고 하는 인간들 문화생활좀해라 수준 무쟈게 낮네 한심한 인간들 ㅉㅉ  
20170407,10,결말 결말 거리는데 저런 사건이 다시는 없게 우리가 만들어야 되는거를 어필한거 일수도 일단 배우들 연기 지렸다  
20170407,10,나도 모르게 감정이입 되어 화나고 또 억울하고  
20170407,9,"관람객매우 재미 좋았으며, 다시 한번 보고싶은 영화네요  "
20170407,10,관람객짱잼 강추해요 완전 재밋음  
20170407,10,변호인을 이을 천만영화네요  
20170407,9,연기 다좋았네요 ~ 좋은 영화입니다. 근데  김하늘이 용광로에서 일할때  윗통벗고하는건 어이없었네요 ㅋㅋ.  저러면 용광로에서 일 못합니다.  
20170407,10,from. 그것이 알고싶다..  
20170407,10,다들 연기 넘 잘하시궁 ㅜㅜ 좋은 영화잘봣습니당  
20170407,9,관람객두르외두루어로두후디  
20170407,4,"영화보다 그것이 알고싶다가 더 극적인 연출력을 보여줬다. 약촌 오거리 사건은 반드시 무죄확정이 되어야만 하는거였지만 영화자체는 밋밋하다,  "
20170406,9,"""가진놈들이 자기 이익 보호할려고 만든게  법이여"" 연기력  역시... 울컥하고 몰입하고 정말  잘만든 영화다  "
20170406,10,잼 있고 신선함  그리고 무엇보다 사실을 기초해서 만든영화라  감회깊게 봤음  정우씨랑 강하늘씨 점점 연기  참 잘하시네요  
20170406,10,속이 시원해지는 영화였어요.  
20170406,10,아따 연기 잘하네 둘다..ㅋㅋ 마지막에 찡함~ 법이 뭐!!  
20170406,10,사람이 사람답게 살자 누명을 씌운 경찰이나 검찰 이들은 살인자보다 더 나쁘다 죄지은 이 당사자들은 sns공개라던지 꼭 벌을 받았으면 좋겠다.  
20170406,5,익산이 무슨 목포 광준줄아냐 전라도면  다 사투리 저렇게쓰는줄아나봐...전혀 몰입안된다 익산토박인데..약촌오거리도 제대로 한번도 안나오고  
20170406,9,"말 없이, 먹먹하게 보았다.  "
20170406,7,그냥 저냥 볼만했다. 게임하면서 봐서 그런가 ;;  
20170406,10,마지막에 하늘이가 칼들고  정우가 너 살인자  아닌거 안다고 할때  눈물이 주루룩  ㅜㅜ과연 법이 만인에게  평등할까요??  
20170406,7,"기대가 커지는 배우 강하늘,한재영  "
20170406,10,감동적이고 정말 우리나라현실이고 진실은 정의편  
20170406,10,윤환이가 잘못했네....  
20170406,10, 이런영화가 더더욱 흥햇으면좋겟다 썩어빠진 이시국에 속이시원한영화  정우님 명연기와 하늘님 명연기에 감탄 실화라 더욱 감정이입하고본영화..  
20170406,10,별10점 만점에 만점이다 진짜  
20170406,10,정우 강하늘 연기 와.. 넋 놓고 봤다  
20170406,10,연기 대본 내용 뭐 하나 빠지는게 없네요.정말 강추하는 영화입니다!  
20170405,10,정우..강하늘연기정말잘하네요..  
20170405,2,연기만!좋음 줄거리가  억지성이 너무 짙음.  도대체 왜?!라는 생각이 계속떠오름. 나뿐만아니라 같이본 친구도 같은생각  
20170405,8,관람객실화라서 더욱 화나고 안타깝게 봤습니다  
20170405,10,좋아하는 두배우♡법으로 뭘 할수있니?  
20170405,9,관람객굿굿굿굿입니다용 하하  
20170405,6,관람객재밌어요. 실화라서 더 와닿내요  
20170405,2,배우들 연기는 좋았는데 연출이...뻔해서 진부하거나 과해서 거부감이 든다...  
20170405,8,고구마 백만개 영화 끝까지 답답 ㅡ 실화라니 더 답답  
20170405,7,각색된게 있지만 그래도 훈훈한  
20170405,10,나라꼴도 그렇고 판사비리에 부당경검찰 널린게 현실임..국민들 안전보다 지들 승진이 더 우선인 이런 ㄱ같은 헬조선  
20170405,10,저런 억울한 경우를 직접 경험한 사람으로서 보는내내  너무 화가나고 가슴이 터질거 같았다  
20170405,10,형사 욕 엄청 하면서 봤네요. 법이 약자를 구원해주는 것으로 사용되었으면 합니다.  
20170405,10,이 사회에 법은 살아있어야 한다  
20170405,6,더이상 이런 일은 없어야 한다..  배우들 연기는 좋은데 너무 신파로 몰고 가는 면이 아쉽다.  담백하게 끌고 나갔어도 충분히 슬픈 이야기인데 말야  
20170405,5,진짜로 그알 한번 더 보는게 나아요.. 재심이 포인트인데 재심장면하나도 없이 마지막 엔딩에 5초간 멍때림 결말 완전 허무하고 내용도 솔직히 그알보면 다 알수있어서 긴장감도 없었고 오히려 없어도 될 장면도 많고 억지감동 이끌려 한 부분들 다 별로였음  
20170405,10,근래에 본 한국영화중 최고  
20170405,10,살면서 진쨔 처음으로  남기는평점이네요 진실은 꼭 밝혀져서  이힘든세상 살만한거같습니다   꼭 한번보세요  
20170404,10,보면볼수록 화나면서 감동적인 영화.  
20170404,9,이런게 영화지   생각보다 재미있고 뭉클하다  남자만 잔뜩나오는데말이다..  조용히 한방날리는영화  
20170404,10,많은 사람들이 보고 진짜 좀 알려졌으면 좋겠다 이런 썩은 공권력의 현실이 해결됬으면 좋겠다  
20170404,10,관람객힘없는자의 현실의 씁씁함을 느끼는 영화였네요~ 내용은 씁쓸했지만 배우분들의 열연은 돋보였습니다  
20170404,10,연기도 좋고 결말도 마음에 쏙 드네요  
20170404,10,진짜 눈물쏙빼는영화 혼자봐야한다ㅠㅎㄷㄷ하당..  
20170404,1,그것이 알고싶다 다시보는게 더 재밌겠다재심변호사 뭘 대단하다고 펀딩에 영화까지 만들었냐  
20170404,10,용서를구할 기회를주기위해...아 말하는대로에서 변호사님이말한말이생각나네 _나는 용서를 빌러온다면 부등켜안고 통곡할준비가 되어있다 _  진짜 권력이머라고 죄없는사람인생까지 마음대로하는지 그저 욕만나올뿐이다  
20170404,8,우리나라를 영화로 담아낸거 같아요  
20170404,7,관람객마무리가아쉬운..뒷이야기좀더다루어줫으면  
20170404,6,결론이 나왔으면 재밌었을텐데  
20170404,10,잘 보았습니다~~~~  
20170404,1,진부한 이야기가 지루하게 전개되는군  
20170404,9,줄거리도 실화를 바탕으로 한지라 흥미로왔지만이를 뒷받침해주는 스토리 구성과 배우들의 연기 또한 훌륭했다. 다시는 우리 사회에 이런 일이 반복되지 않길 바란다.  
20170404,10,아따. 머시여. 재밌을만 헝게 끈나불고잉. 시방 영화를 만들다 마라부런능가잉.  
20170404,5,좋은 소재로 아쉬운 부분이 많은 영화다 특히 경찰과의 몸싸움은 필요없는 부분  
20170404,10,멋있습니다 연기또한 보고나니 마음이아프네요.. 너무감명깊은 영화입니다  
20170404,8,오랜만에 좋은영화 봤네요  
20170404,10,연기자들 모두 뛰어난 연기력으로 사실감을 높였습니다. 정말 분개하고 어이없는 사건이네요. 억울함을 호소 할 수 있던 부분이였기에 더욱 통쾌하였습니다. 오랜만에 재미있게 즐길 수 있었습니다.  
20170404,10,잔디야 사랑해 ^^ 많이 많이 ^^  
20170404,10,억울하게 누명을 쓰고 감옥에서 살았던 사람들이 많을것 같다.. 재심조차 못받은 사람들의 심정을 감히 짐작도 못하겠다. 연기로는 말하면 입아픈 연기자들 덕분에  몰입하게 되어 가슴 먹먹하고 답답한 현실에 화가나며  너무 슬프다..  
20170404,10,와  아무  기대 안 하고 봤는데 정말 재밌네요..^^ 최고평점 쏩니다. 참고로 댓글부대 아니고 40대 초반 아이 세 명의 아빠입니다...  
20170404,9,그것이 알고 싶다를 통해서도 참 유심히 보게된 사건이었는데 영화로도 잘 보았습니다..그때 억울한 누명 씌운 형사 3인 1명은  자살했다고 들었다..나머지 두명도 지금이라도 무릎꿇고 사죄하고 경찰직 물러나라  
20170403,5,중간 중간 루즈해지는 부분이 많지만... 연기 구멍은 없음  
20170403,9,"군더더기 없고 재밌네요.  보면서 약간 열받기도 하고 ^^,,  "
20170403,8,21세기의 경의의 대상은 박준영 변호사님과  밑에 자막에 나오는 분들이다... 경의를 표할 존재는  탈모와 세련된 복장에 신경 쓸 틈이 없는 혼란스러운 현실  스토리가 강하고  연기가 좋고  멋찐 영화이다.  
20170403,6,초반 몰입감좋음-->중후반 뻔한전개 갑작스런 태세전환 -->그냥저냥 영화  
20170403,6,"정우씨 연기좋았고, 전체적으로 볼만했습니다. 다만 언발란스한 무언가가 영화의 재미를 망가뜨리네요 예를 들어 뜬금포 살인자의 등장등~ 그럭저럭 ㅋ  "
20170403,8,우리 나라 공무원들의 직업윤리를 보여주는 영화.  반성하자.  
20170403,10,와 보면볼수록 슬프고 멋있고  정말 최고의 영화다 진짜 실제로 이런 변호사가 있다는게 멋지다  
20170403,10,와!!진짜 이게 연기 이게 영화다!!!!정말 잘만든 영화 잘 보았습니다!  
20170403,9,보면 화가나요 우리나라공무원들ㅇ땜시  
20170403,5,화장실 갔다가 뒤 안닦고 나온 느낌..억울한 장면만 주구장창 보여주고..재판 장면 나오기 직전 끝남..무죄 선고 받고 화끈하게 한방 먹이는 장면이 나와야지..  
20170403,3,실화면 좀 사실에 근거해서 만들지 피해자가 진범을 찾아가서 패는건 뭐냐 실제 피해자는 진범 얼굴조차도 모르는데  
20170403,7,좀 보기불편한장면이 많았다 강하늘의 연기는 일품이었지만 정우는 조금 어색햇고 처음부터끝까지 기분좋지않았다.  
20170403,9,"난 솔찍히 우리나라 경찰들이 잡아넣은 범죄자들 을 조폭빼곤 믿을수가없어,,  날조로 집어넣은 사람도 많겟지?  "
20170403,10,억울하신 그분이 행복하시길...  
20170403,6,관람객마지막 엔딩장면이 좀 아쉬웠던 영화..초반 정우강하늘 연기에 너무 몰입해있었나봐요  
20170403,5,유죄자필벌과 무죄자불벌에관한 정의의 딜레마.  
20170403,1,영화보는중인데 끝까지봐야하나 고민중ㅎㅎㅎ웃음이 난다 친구가 재미있다더만 이새끼가 나 엿먹일라그러나 이거 뭐 스토리전개가 왜이런지 개연성도 불명확하고 과하다과해 비현실적인 설정 어처구니없는 장면들 어이고  
20170403,9,강압수사 형사 너무 못됐다  
20170403,9,"와..배우들 연기력 개소름.. 너무 억울하고, 짜증나고, 화나고..펑펑 울었네진짜ㅠ근데 젤~~~마지막이 쫌 아쉽ㅠㅠ그래서 별하나 뺌ㅠ연기력은 100점 만점에 10000점  "
20170403,10,약한사람과 억울한 사람을 위한 법치가 실행되어야 한다 권력과 기득권층을 위한 전유물이 되어서는 안된다  
20170403,10,추천합니다~~영화보구 잠이오질않네요 분해서!!!  
20170403,5,제목이 재심인데 통쾌한 법정씬이야 하이라이튼데 왜 재심에 대해 그냥 한마디로 때우는 거냐?? 거의 두시간의 답답한 전개를 다 참아 본 끝에 그냥 끝이라고!!...아으.진짜.. 고구마 20개 먹었어..  
20170403,8,정우 연기 정말 대단합니다.. 정말 정우때문에 펑펑 울었네요  
20170403,10,정말 화나고 몰입도 좋았던 영화.. 눈물이 나고 배우들 연기 정말 좋다.. ㅠㅠㅠ  
20170403,7,정우 연기때문에 그나마 영화가 살았네. 실화였더나;; 보상은 우째되었을가나..;; 헬조선 클라스..  
20170403,8,흔한 법정씬 과감히 줄인건 맘에 드는데. 그걸 덜어낸 대신에 다른 흔한 한국영화 특유의 유치하고 뻔한 구성을 넣은게 이 김독의 한계인듯. 감독 능력 별2개. 실화인거 별2개. 배우들 연기력 별4개해서 8개주겠음. 감독이 짜준 유치한 콘티들 배우들이살림  
20170403,8,정우 진짜 와...앞으로가 더욱 더더욱 기대되는 배우입니다. 뭐 영화 내용이야 더할나위없이 좋습니다.다만 극의 흐름방식이 진부한 감이 있어서 8점만 드립니다.  
20170403,10,인생영화예요 진심ㅠㅠㅠ  
20170402,3,"아무리 실화라도 현실과 동떨어진 전개, 졸작스런 연출, 진부한 대사 등등 절대 좋은 평은 할 수 없지만 배우들의 연기가 앞의 대부분을 커버한다.  "
20170402,10,실화가 아니길 바랬는데....진심으로  
20170402,7,이런 실화는 철저히 사실에 입각해서  만들자. 영화라고 오버하지 말고. 그리고 마지막 재판장면 연출력이 없는 게 아쉽다.  
20170402,7,극적으로 잘 표현했음. 그리고 무전유죄...  
20170402,10,끔찍한 날에 비춰진 한줄기 햇살같은 영화.  
20170402,7,정말 정의로운 사회와 법의 필요성이 절실히 깨닫게 해주는 영화.. 액션씬이 불필요하게 많아 지겨운 면이 있었다.  
20170402,9,무식한 넘들이 경찰되고 완장질하니  이런영화가 실화인거다 현실경찰들도 영화에서 나오는거마냥 깡패나 다름없는 잉간들 투성인게 현실임  
20170402,8,관람객재미있어요 정우도 넘 멋있고 감동적이네요  
20170402,5,재미가 없진 않은데. 중간중간 무슨 말도 안되는 설정이 난무하네.. 마지막은 억지감동 캬.. 감독양반 너무 햇소~ 실화릉 모티브로 햇으면 중립선을 지켰어야지..  
20170402,10,주인공들 연기 정말 몰입감 최고!  
20170402,10,"두 배우의 연기력.. 정말 대단합니다..꽃보다청춘에서 정우, 강하늘의 케미 너무 귀엽게 잘 봤었는데, 여기선 두 사람의 연기력이 참 가슴을 먹먹하게 하네요.. 부디 이런 영화가 많이 나와서 또 다시 이와 비슷한 사건이 일어나지 않기를 바라봅니다..  "
20170402,10,좋은 영화. . 감동적인 영화. .  
20170402,7,"""다 아는 사실을 쓰레기로 만들어 끝이 일도 보고싶지않은 영화. "" 당담 검사.경찰 친인척이냐 ㅡㅡ 영화의 완성도도 아닐걸로  디스냐 .ㅡㅡ  "
20170402,10,현재..사건이 일어난 익산에 거주중이고..출근때마다 약촌오거리 지나는데...이런 일이 17년 전에 그 현장에서 있었다는게 끔찍합니다. 익산경찰. 반성하세요.  
20170402,7,관람객그냥 흔한영화 같은 느낌. 시간은 아깝지않았지만 그렇게 추천하고 싶지는 않다. 재심에 대한 영상이 있었다면 좋았을것같다.  
20170402,10,진짜 연기 잘한다.  대사마다  실제 현실에서 느낄수 있는 감정을 살려주네  
20170402,8,관람객재밌어요 너무 감동스러웠어요  
20170402,10,연기..대박ㅠ형사검사새키들...아 분해  
20170402,9,대한민국의 현실을 보여주는영화... 뒤늦게라도 혐의를 풀리셔서 다행이구...영화자체가 현실바탕으로 만들어진게 그저 안타깝습니다... 앞으로는 행복하게 사셨으면 좋겠네요....  
20170402,9,간만에 영화다운 영화. 강하늘씨 계속 좋은 작품으로 명배우로 거듭나시길! 정우씨 김혜숙씨 연기도 일품이었어요~  
20170402,9,상당히 괜찮게 봤다. 앞으로 법원의 판결이라 해서 모든게 진실이라는 생각은 접어두는 것이 맞겠다. 그리고 이처럼 의외로 진실을 뒤로한채 억울함을 가진 사람이 많다는 것을 알게 됐다.  
20170402,10,너무깊이감명받았고 배우들의연기의 감정몰입최고네요  
20170402,1,다 아는 사실을 쓰레기로 만들어 끝이 일도 보고싶지않은 영화.  
20170402,8,대한민국 앞으로 더 나아져야 합니다.  
20170402,10,완성도 높은 영화입니다.  
20170402,10,익산경찰서의 미꾸라지들  
20170402,10,눈 가리고 싶지만 마주해야 하는 대한민국 현실  
20170402,9,배우들의 연기가 실제와 같은 간절함과 절절함을 느끼게 해줬다  
20170402,10,"관람객정우, 강하늘님 연기 정말 잘하시네요  "
20170402,8,다소 낯 익지 않은 신인배우들의 열연이 돋보였다. 김해숙의 신들린 연기는 유구무언.실화를 바탕으로 구성된 작품이라는데 정말로 이런 OOO기 같은 사건이 헬조선에서 일어났었다니놀라움을 금지 못했다. 약촌5거리 살인사건이라고 이 영화에서 처음 들었  
20170402,7,"좋은 소재, 밋밋한 연출, 앞으로가 더 기대되는 두 배우  "
20170402,6,사회정의에 대한 내용인데 영화내내 타큐멘터리보다 더 무거운 분위기.  주인공의 간지나는 의리는 영화마무리의 마침표. 이런영화에서 재미를 더 바라는건 무리인가.  
20170402,8,관람객재미있긴하나변호인 축소판이라는생각이드네요  
20170402,5,그것이 알고싶다가 더 잘 만들었다. 단막 드라마 같은 연출력  
20170402,9,"살짝 지루한감이 있었지만 주인공이 억울한 누명을 벗었다니 참 다행이네요.. 무엇보다도 강하늘,정우의 명연기가 돋보였던 아주 좋은 영화였습니다..  "
20170402,7,의미 전달의 목표는 달성했으나 영화적인 면으로 봤을땐 아쉬운 점이 너무 많다  
20170402,7,실제사건을 바탕으로 정말 평범한 나 같은 사람 에게도 이런 일이 생길수있다는 경각심을 일깨워주는 영화였다  초반부부터 중반부까지 호흡이 너무길어 후반부는 쫓기는 듯한 느낌도 있었지만 배우들의 연기가 돋보였다  
20170402,10,눈물이 날 것 같은 영화입니다  
20170402,5,영화면 재판 과정을과 증인취재과정 그 형사쪽의 반응을 심도 있게 다루던가 그냥 단순 그알 복제품.  
20170402,3,재미없는 구성 더러운 전라도섬의 현실  
20170402,10,극장에서 안봐서 죄송합니다.  
20170402,6,초반부를 볼땐 초짜감독이 만들었구나 싶었고 중반부 넘어서부터는 간만에 국산 졸작 하나 보는구나 싶었다.좋아하는 배우가 나와 더 더욱 아쉬웠다. 단 실화기반이었다는점을 마지막에 알고 실화영화의 핸디캡을 생각해 +1점을 더해 6점을 찍고간다.  
20170402,5,설득하기엔 사건 전개의 비약이 심하고 실화 바탕에 대한 문제 제기로는 효용성에 가치를 두고 싶다.  
20170402,10,진짜 멋지다 라는 말로 밖에 설명이안된다  
20170402,8,조금만 덜 멋있는 척 했으면 좋았을텐데  
20170402,1,재심 을  다 투어야지  양념만  있네  왠 대도않은  싸움밖질   넘높다  6.5가  정답이다  
20170402,6,잘나가다 중반이후 억지 전개와 불필요한 씬을 넣어 작품의 격을 떨어뜨림  
20170402,10,굿너무재밌게 잘봤습니다 몰입도 좋아요  
20170402,9,좋은영화 재미까지.배우들의 연기는덤  
20170402,10,정말 이게 현실이라는게...믿겨지지않습니다뒤에서 힘들게 변호했다는것에 박수를치고싶네요 모든이야기를 간추려 영화에 담았지만 말못할 이야기도 많았을것으로 보입니다. 주연조연 등등 흔하지않는 배우를 선택한것 또한 감동이네요  
20170402,9,이 일이 불과 16년 전에 일어났다는 것이 무섭다. 인간의 오랜 역사 동안 사회가 발전한 방향은 모두에게 합리적이진 않은가보다.  
20170402,10,정우 강하늘 연기가 갈수록 느네요~ 앞으로가 더 기대됨  
20170402,10,희대의 살인마들 우리 곁에 살고 있는지 모른다는 생각을 하게 되고 정말 착하고 순수한 사람들만 힘든 사회 인 것 같아 슬픕니다. 영화 정말 정말 꼭 한분한분 다 보셨으면 합니다..  
20170402,10,이거 현실이냐...와..2000년도면 피OO 활성화되고 인터넷이 보편화 되던 시절인데...군산 아무리 촌동네라지만 와 믿겨지지가 않는다...미쳤네....  
20170402,9,간만에 진짜감동적인 영화봤습니다. 감사드립니다  
20170402,10,우리나라의 현실을 보았다  
20170402,10,간만에 가슴뛰는 영화를 본듯. 약자의 설움이 느껴진다.  
20170402,10,"관람객실화에다가 연기력에 울고 가용. ,,,, ㅠ  "
20170401,10,영화관에서 봤으면 좋았을걸 ㅜㅜ 실화라 너무 감동입니다.  
20170401,6,하타취 ㅎㅌㅊ ????  
20170401,8,관람객두배우의캐미가 좋았어요  
20170401,1,연기에 깊이가 없습니다. 유일하게 김해숙만 와닿고요. 그리고 스토리 진부합니다. 감동 없습니다. 한마디로 재미 없습니다. 진심입니다.  
20170401,7,담담하게 사회를 조명하는 시선  
20170401,8,관람객볼만은했지만 그대만큼은  
20170401,10,많은 사실을.. 진실을 담고 있다. 이건 뭐 연기가....와우....  
20170401,10,정의사회 말그대로 정의롭고 억울한일 없어지는 대한민국을 바라며..ㅠ  
20170401,10,아.. 잔인한 한국영화에 질릴 참이었는데.. 너무 고맙습니다. 좋은 영화 만들어 주셔서^^  
20170401,6,일단 익산 배경도 아니고.. 저 땐 약촌이 좀 개발이되어서 시골도 아니였어요... 그리고 사투리는 익산은 충청도 사투리에 가까워요.. 그래서 그런지 좀 거부감이 살짝....  
20170401,10,관람객정우의연기가 돋보이는작품이었네요 재밌습니다  
20170401,10,"주연, 조연 연기자분들 하나같이 명연기 하셨습니다.  "
20170401,7,법정물인줄 알았으나 범죄물. 연출이 좀 아쉽다.  
20170401,10,다시는 이런 비극이 일어나지 않아야겠죠. 강하늘 굿.  
20170401,9,관람객아무 생각없이 보다가 힐링 당했어요  
20170401,10,배우들 연기좋고. 시간가는줄 모르고 봤네요  
20170401,9,현실속의영화. 실화를 바탕으로 만든 영화이자.. 앞으로 이런일이 생기질 않길 바라면서 보시기 바랍니다.  
20170401,10,입만열면 국민을 위한다는 사람들이 생각나는영화  
20170401,9,마지막에 정우 강하늘 울때 나도 눈물 나왔다  
20170401,10,뻔한 스토리임에도 불구하고 ...배우들 연기 참 대단합니다. 특히 강하늘...  
20170401,10,하아.. 같은 경찰인데 익산 경찰은 양아치고 군산 경찰이 정의네... 저러고도 잘먹고 잘 살고 있겠지..  
20170401,10,실화를 바탕으로 한 감동과 재미가 있는 영화입니다.  
20170401,7,관람객정우가 한 번 기회달라했을 때 ㅠㅠㅠㅠ눙뮹이 날뻔했지만 안 났어요 ㅋㅋㅋㅋ  
20170401,10,잘보았어요. 감동도 눈물도 재미도 무엇보다 세상을 알게 해주는 영화네요. 가슴이 징합니다. 재심해준 변호사 감사.  
20170401,10, 정우.강하늘.연기최고  
20170401,10,정의로운 대한민국을 위하여..  
20170401,10,이런게 진짜 영화지  !!  
20170401,10,정말 정우씨와 강하늘씨의 연기는.... 말로 표현할 수 없을 만큼 감동적이네요.. 좋은 영화 잘봤습니다.  
20170401,9,관람객연기. 구성. 그리고 연기력이 뛰어남  
20170401,10,관람객너무재미있고 강하늘 연기 좋습니다  
20170401,10,진심정우나 강하늘연기 너무멋지다 이런 내용을  우리가 알아야 우리가안당한다 감독님감사합니다  
20170401,1,개연성 제로 스토리의 서사 구제불능 캐릭터 구상 한건 전부 다 양아치  
20170401,10,꿀잼입니다열자 열자 열자  
20170401,6,법위에 언제나 돈이 지배하고있다는 사실이 매우 안타깝다  
20170401,1,영화에서라도 누명 풀어줘야지 두번 죽이는 구나ㅋㅋ보는내내 그냥 씹 노답 ㅋ두번죽이네 ㅉㅉ  
20170401,7,7.5? 잼는데 먼가 아쉬워  
20170401,7,"좀 과했다. 소재도 좋고 연기도 좋았지만, 지나친 선악구도에 신경쓴나머지 오글거리는 대사와 무리한 설정들이 많았다. 변호사친구가 뒤통수친다던지 형사를 죽이려한다던지 하는것. 좀 더 힘을 빼고 담백하게 만들었다면 훨씬 좋은 영화가 되었을 것같다.  "
20170401,10,"개봉전부터 기대를 하고 개봉당일에  영화관 가서 봤는데, 정말 후회 하지 않습니다.  "
20170401,8,신예 강하늘과 중견(?)배우 정우의 연기는 정말 너무 좋았다. 문제는 감독의 역량이 의심되는 급마무리...  
20170401,10,이런 영화는 많은 분들이 보셨으면 합니다.정의가 기본이 되는 나라가 되어 억울한 분들이 없으셨으면 합니다..  
20170401,10,"옛날의 상처때문에 , 처벌이 끝난이후에도 마주친것만으로도 눈앞이 흐릿해진다. 재심을 했어도 상처는 지워지지 않는다는게 제일 큰 후유증이 아닐까..  "
20170401,8,관람객너무너무 재미있는 영화 엄지척ㅎㅎㅎ  
20170401,10,역시 우리의 ㅆㄹㄱ 형님 명품 연기 최고 입니다 영화도 잼나게 봤내요 정우님 작품 활동 많이 좀 했으면 좋겠어요  
20170401,9,유능한 변호사는 테러리스트보다 친구가 적다 친구가 필요하다면 개나 키워라!!  
20170401,8,연출이 아쉽지만 강배우 김배우 연기 때문에 8점 준다  
20170401,7,맞던 형사님들 갑자기 다 어디가셨나요????  
20170401,10,별 기대 안하고 봤는데 이거 진국이잖아..근래 본 영화중에 가장 몰입도가 높았다.  
20170401,10,보면서 정말 많은 생각을 하게된 영화였습니다 보이지않는 곳에서도 꿋꿋하게 진실을 밝히기 위해 싸워주시는 모든 분들께 진심으로 존경을 표합니다..  
20170401,8,이런소재의 영화는 많이 다뤘음합니다~강하늘 연기 참잘하네요박준영재심전문변호사님~ 감사합니다.. 힘내세요!!  
20170401,4,"중구난방, 흡입력 없는 전개, 연결성 없음. 어이없는 전개. , 시대를 감안하더라도 과한 폭력장면(경찰관이 10년째 협박?) 걍 4점이 적당함. 영화 참 못만든다.  "
20170401,6,"15년 전, 대한민국 사법부가 한 소년에게 저질렀던 잘못에 대해 사과할수 있는 기회를 주기위해 여기에 서있습니다. 이 재판의 결과가 그에게 새로운 인생을 주는 기회가 되길 바랍니다  "
20170401,10,소년이 겪었던 10년의 세월을 무엇으로 보상 받을 수 있을까요ㅠㅠ 마음이 너무 아팠어요 보는 내내..  
20170401,1,생각보다 평점이 좋아서 1점줌~ 통쾌한 변론과 권선징악 없는 지루한 전개~ 답답함  
20170401,10,지금은 모르겠지만 저 당시 경찰들...정말 저랬습니다. 영화 보는 내내 격한 공감을 느끼면서 봤네요.  
20170401,10,"오랜만에 감동을 주는 영화 한편을 보게 되어서 너무 좋았습니다. 영화 배경에 대해서 전혀 모르는 상태로 봤었는데, 마지막에 실화이며 그 모델이 박준영 변호사인걸 알고, 두번 놀랐네요.  "
20170401,10,"크,,, 역시 명불허전 전라도 인성을 잘 보여준 영화 형사들 전라도 메소드 연기 죽였음  "
20170401,9,박준영 변호사님 정말 감사합니다.  
20170401,9,관람객세상 에서 제일 강한모정을 보았다  
20170401,7,뭐지... 똥싸다가만 느낌은 ...  
20170401,7,미안하다. 이 한마디가 더욱 어려워지는 선진법치국가의 아이러니. 연기는 좋았으나 역시 재판 장면이 아쉽다. 처음부터 재판장면은 없다는 싸인을 줬다면 덜 허전했을텐데...  
20170401,10,못 벗긴 누명이 얼마나 많을까~에휴~~  
20170401,10,다시금  법은  사람이 우선시 되야하는거 아닌가라는 생각이 드는 감동적인 영화  
20170401,10,영화보는 내내 몰입도 최고....두배우의ㅜ연기도 최고 정우 연기 소오름 대박  
20170401,10,정우와 강하늘 연기 대박!!!  명연기  
20170401,10,강하늘 연기가 대박대박강하늘이 이리 연기를 잘했나요?스토리도좋고 잘받어요  
20170401,1,나원..배우들 연기는 100점이지만 뻔한 내용..돈은 안아깝지만시간은 아깝다  
20170401,8,실화라서 더 가슴이 먹먹하다.  
20170331,10,"""우리들의 변호사""를 읽고 영화를 보니 더욱 감명깊네요  "
20170331,10,170331 난 오히려 이 영화가 재판 과정에 초점을 맞추지 않고 억울한 피해자의 드라마에 초점을 맞춰 더 좋았다.  
20170331,6,결말도 아싑고 엉성한 제작 그러나 정우 하늘 씨 연기보고 별세개 소재에 비해 영화는 졸작  
20170331,1,"파산 변호사 박준영과 억울한 피해자를 모독한 이 영화는 재심 없이 폐기 처분하노라! 꽝, 꽝, 꽝!!!  "
20170331,7,제작 의도는 멋지나 이런 각본과 각색은 세밀한 연출이 요구되는데 그것을 충족시키지 못 했다.  
20170331,10,너무 잘봤습니다~~~~!!!!  
20170331,7,이런 영화는 그 자체만으로도 큰 의미가 있다고 생각한다. 다만 조금만 더 다듬고 나오지 그랬어...  
20170331,7,배우들의 탄탄한 연기력이 법과 불법 사이의 내러티브 위에서 뛰논다  
20170331,6,영화제목을 <재심준비>아니면 <재심이 될까안될까> 라고짓지그랬냐연기좋고 몰입도되는데 마지막 너무한다;;가장 궁금한 재심내용이 안나와;물론 어떻게 흘러갈지 안다지만 그래도기대하던부분은 안나와서 별로네  
20170331,7,정의란 무엇이고 법이란 무엇인가  
20170331,6,배우들의 연기는 좋았으나영화가 주려고 하는 의미를 퇴색시키는 유치한 연출에눈살이 찌푸려짐  좋은 소재였는데 많이 아쉬움이 남는다  
20170331,8,관람객재미있었습니다 ㅎㅎ 실화라서 더 집중하고 볼 수 있었던 영화  
20170331,10,진짜 한나라의 국민인게 세삼 부끄럽네요..부패한 경찰 검찰 사회가 너무 쓰레기같은 ..이현실이 너무 싫네요..대한민국은 이러는게 너무 당연한거처럼 보이네요..더이상 이런 현실이 없으면좋겠네요..지금도 누군가는 죄도없는데 옥살이 하는사람이있을겁니다..  
20170331,9,당연한 현실을 영화로 보다니 자괴감들고 괴로워....?!  
20170331,3,배우들 연기봐서 3점...연출 못봐주겠다..  
20170331,10,실화만큼 집중시킬 수 있는 요소가 또있을까?  
20170331,9,재미있게 잘봤습니다.  
20170331,9,관람객시간가는줄 모르고 봤습니다. 연기력이 ㄷㄷ..  
20170331,9,너무나 참담한 사법부의 현실..  
20170331,8,내가 이래서 짭새새끼들을 안믿어요  
20170331,5,이제 눈높이 놀아졌다  스토리는  좋은데 마니 부족한 영화 너무 부자연 스럽답  
20170331,7,"초중반까지 너무 좋았는데 후반... 충분히 볼만하고 배우들 연기도 좋았으나, 후반 억지 전개가 크게 영화의 가치를 떨어뜨렸다. 그래도 충분히 볼만한 영화임은 맞다. 재미도 있다.  "
20170331,10,정우 눈물연기에 울었습니다.그래서 내가 더 미안하다 한마디에 울컥!!  
20170331,8,작품내용보다 배우들의 연기에 깊이 몰입하여 보있다.  
20170331,10,관람객재밌게봤습니당~~~~  
20170331,8,관람객마무리가 약간 아쉬웠던 영화에요..  
20170331,10,깨달음을 주고 마음을 적시는 이런게 영화 아닐까??  
20170331,10,관람객인간적인너무나인간적인사회약자에대한따뜻하고정당한관심을갖게해주는정말좋은영화를보고나니다시이세상을용기있게살아갈큰힘을얻습니다  
20170331,9,"방금봤어요. 연기들은 진짜 최고입니다. 요새시대가 이래서 이런류의 영화가 많이나와서 보기싫었는데, 연기들이 다 좋으시고, 스토리도 탄탄하게 만드시것 같네요. 뻔히 알고있는 결말이지만,몰입이 정말 잘 됐어요^^  "
20170331,10,"그럼에도 불구하고 가끔씩 열심히 살아야 할 이유를 일깨워주는 것들이 있다. 이 영화도 그런 영화.. 저런 놈들이 남아있지 않는 세상을 만들기 위해서, 응징해주기 위해  "
20170331,7,연기 내용 다좋은데 마지막 법정싸움 보고싶었는데 그게 좀 아쉬움!  
20170331,1,무슨 영화가 말을 하다 말어  
20170331,10,관람객최고의 영화라고 생각합니다  
20170331,10,아.. 기자/평론가 쓰레기 새0끼들은 대체 평론을 왜 하는거냐? 니들도 그냥 저 사건조작 검/경 새끼들이랑 똑같다. 그냥 죽어도 니들 가족 빼고는 아무도 신경 안 쓸 새끼들이다. 평론 뭐 하지 마라 OOO들아 아.. 기자 평론가 평점 지겨워 진짜  
20170331,7,과거의 흉터이자 반복되지 않아야하는 본보기  
20170331,10,진심 2016년 한국영화중 최고아니 외화 통틀어서내가 공부한 재심을 여기서 실화로 맞닥드리니 감동이 밀려온다  
20170331,10,이런 일은 없어야...  
20170331,10,영화보는내내 씁쓸함을 이로 말로 표현할수가 없네요 더 말해봐야 뭣 하겠습니까.. 이 영화를 보신분들은 공감하실겁니다..  
20170331,10,한가지 아쉬운게 있다면 정우 연기 20점주고싶은데  10점밖에 못주는게 아쉽다  
20170331,10,개인적으로 대한민국 남자배우 눈물연기는 정우가 갑 .. 굉장히 활달할 것 같고 코믹스러운 표정의 정우가 울때는 그 감정이 두배로 전달되는듯.  
20170331,8,이 땅의 정의는 결국 사람들이 세운다...  
20170331,5,10년전 영화를 보는듯 연출력의 부재와 서투른 사운드 디자인과 편집이 영화를 망치는데 큰공을 세웠으나 영화를 끌고가는 감정라인은 높게산다  
20170331,10,박준영 변호사님  존경합니다.  님 같은 분이 계시기에 한국은  아직도살만한  나라가 아닌가 싶습니다.  변호 영화보면서  울어보긴 처음이네요  이 리플을 못 보시겠지만  감사하고 존경합니다.  
20170331,9,관람객마음의 울림이있는 영화!!  
20170331,9,정우의 변화가 많은걸 생각하게 하네요  
20170331,10,눈물이...펑펑펑~ㅎ너무 재미있게 잘 봤습니다  
20170331,1,꼭 봐야하는 영화다  OOO 알바생들이 1점줘서 이글을 올린다  
20170331,9,정우 연기력이 이렇게 뛰어난지 몰랐다...영화의 다소 미흡한점 배우들의 연기력이 살렷다고본다..  
20170331,10,주연들 연기도 좋았고..가슴이 뭉클해지는 영화네요..저런 일들이 다시는 안일어났으면 좋겠어요..!!  
20170331,9,너무잼있게 봤어요 ㅜㅜ연기도 내용도 일품 ^^이런영화가 대박나야하는데 관객수가 아쉽네요하지만 작품성 연기배우들은 평생 남을거에요  
20170331,10,그것이알고싶다 보고 영화보던지 영화보고 그알다시봐바라 이영화는 9점대는 되야할것같다  
20170331,8,정우..흥행보증수표로 발돋움..연기좋구나  
20170331,7,극적인 요소를 만들려다가 영화가 이상해져버림  
20170330,8,배우 연기....모두 다 훌륭하다..정우..강하늘...♡♡  
20170330,10,재밌습니다 재밌습니다  
20170330,9,억울한 마음을 누군가 알아준다는것만으로도 참 고마운일...  
20170330,1,실화는 그대로를 표현해야지..극단적인 오바스러움이 영화를 망쳤다  
20170330,9,"관람객실화라서 더 재밌었고, 몰입도 있었던 영화!!추천  "
20170330,8,감동과 재미는 있다... 하지만... 뭔가 부족한 느낌이 든다... 콕 찝어 말하기는 어렵지만...  
20170330,8,윤동주가 영화 살렸음ㅁㅁ  
20170330,10,까먹고 있었던 실제 사건을 다시 되새겨보게되었다. 그당시의 판사 검사 그리고 진범당시의 검사는 누군지 찾기 힘들었다.잃어버린 10년을 그들에게 돌려주고싶다.  
20170330,10,명연기 최고의 스토리를 확인하고 싶다면 이영화 강추용  
20170330,10,진짜화나이런 억울한 일 엄청 많을걸안 알려저서 그렇지 한국 부조리 역겹다 진짜 싫어 헬조선  
20170330,10,내나이 21살에 처음으로 평점을 쓴다..  
20170330,6,재미는있는데..형사가 너무 깡패같음ㅡㅡ 몰입이힘드네  
20170330,7,"정우 팬으로서 소신발언 하자면, 영화 내용자체는 좀 루즈하고 재미없는데, 실화라는점, 막판에 실제주인공과 실화에 대한 상세한 내용을 언급함으로써 생동감을 주네요. 영화자체는 솔직히 재미없네요 개인적으로.  "
20170330,10,최근 본 한국영화중 최고얐다. 주연 조연 배우들 모두 연기도 좋았고 베리굿!!!~  
20170330,10,이런영화가천만이들어야지.잘나가는배우들앞세워설래발치는다른한국영화와는차원이다르다.정우많이컸네  
20170330,10,재밌다. 결과 까지 연기로 했으면 더 좋았겠지만.  
20170330,10,"내용, 단역부터 모든 배우들 연기, 시사하는바  모두 흠잡을데가 없었음.  "
20170330,10,강하늘 정우님 연기짱입니다진심 억울한사건이네요~~  
20170330,10,좋은 영화 감사합니다.  
20170330,10,"경찰의 수사권 독립 주장이 모순처럼 느껴지게하는 이러한 강압수사들 정말 안타깝다. 그래도.. 정말 그래도 다행이다. 누명을 벗어서, 얼마나 억울했을까. 정의를 위해 나서도 무시당하지않는 억울한일 당하지 않는 사회가 되기를.. D-7  "
20170330,8,억울해서 살겠나 .물론 아니길바라지만 현실에서도 윗대가리가 저러고 있을까 무섭고 젇같다  
20170330,10,누군가 이 영화를 보고 느끼는것이 많아지기를  
20170330,10,딴건 모르겠고정우연기에 10점준다 친구필요하면 개를 키우라고진짜명대사  
20170330,8,관람객기대않하고 봣는데 재미잇음  
20170330,7,관람객이런일이 다신없었으면하는 ㅠㅠ  
20170330,1,개연성이 많이 부족하고...  심지어 너무 극단적으로 비현실적인 장면도 몇몇보이고ㅋㅋ 6.5점 정도의 영화  
20170330,10,앞으로는 억울한 사람이 없기를..  
20170330,10,그사람이 살인자가 아닌 평범한 사람으로써 살수있게 해주어야한다. 멋졌습니다^^  
20170330,9,사람이 법을 만들었다.  
20170330,6,"범죄, 법정물의 치밀, 긴장, 짜임새 전혀 없다 근데 정치색 빼고 보면 뭔가 화 나고 억울함이 시원하게 뚫리는 맛은 있다  "
20170330,1,연기 잘하고 감동도 있고 실제 사건이지만... 너무 과한 설정이 오히려 반감이 드네요 실제 모티브를 했으면 대충 구색을 맞춰야지 그냥 나쁜형사와 증인으로 사건 실마리를 푸는듯 보입니다... 연출보단 각본이 별로 인 영화입니다  
20170330,6,너무 미지근하게 영화를 만들어서 많이 아쉽네. 정우는 연기가 항상 똑같네  
20170330,6,관객이 진정 보고 싶은 것은 보여주지 않는 것이 아쉽다  
20170330,10,잘 봤습니다. 좋은 영화 감사합니다.  
20170330,3,"개인적으론 연기자들의 연기가 좀 옷에 맞지 않는다고 해야될까요 보는내내 좀 신경쓰였어요 나오는 배우들이 다들 한연기 하시는 분들임에도 억울함과 분노가 있는 역활, 변해가는 변호사, 내면이 달랐던 친구 변호사등 모두 어색해보인..연출자의 문제였나싶은  "
20170330,1,마지막 엔딩을 보며 모든 기대를 저버린 영화 아쉽다  
20170330,5,"실화바탕에 그것이 알고 싶다까지 본 사람으로서, 영화적 재미를 위해 중간중간 억지 요소들을 심은 것까진 넘어간다 해도, 마지막에 또 억지 신파를 연출할줄은 몰랐다.  "
20170330,7,"■ 한국 견찰~ 민중의 지팡이는 개뿔, 출세에만 눈 뻘검~ 승진과 실적에 연관 안되는 일은 사건무마 쌍방합의로 처리하고~ 승진 실적에 연관되면 마구잡이로 해결해서 단물만 빠는 철밥통 연넘식기들~ ■ 박푱시기는 밥은 먹고 다니냐? ㅋㅋㅋ  "
20170330,10,문제는 이런 일이 엄청나게 많다는거...진짜로....  
20170330,6,상쾌하게 출발했다만 점점 힘을 잃고 방황하다 급마무리한 느낌  
20170330,10,훌륭한 영화입니다 감동있게봤음  
20170330,2,"러닝타임 맞출려고 편집한건지 아니면 허술한건지..재판과정은 뭐 그렇다고 넘어가도, 중간중간 흐름이 매끄럽지가 않고 점프한 것들이 보인다.  "
20170330,10,김대중정부의 무능함으로인해 목격자가 피의자가되고 억울하게도 10년의 감옥살이를하고 박근혜정부의 억울한사람을 만들지않기위한 노력으로 16년만의 무죄를받으신 실제주인공분 응원합니다 연평해전때 월드컵결승전 구경간 김대중은 지옥에서 살고있을껍니다  
20170330,1,최악의 쓰레기영화 보다가 역겨워서 못보겠다  
20170330,7,변호인보다는 반절 모잘르지만 시도는 아주 좋았다고 생각 연출이나 배우연기들은 기대이하  
20170330,10,웃다가 울고.. 잘봤습니다  
20170330,1,무찌르자 알바 10자 압박  
20170330,10,보는 내내 가슴이 답답하고 지옥 같은 현실에 다시 한번 회의감을 느끼게 되는 영화였습니다. 배우들의 연기력은 두말 할 것 없이 완벽했으며 연출도 좋았습니다. 앞으로의 행보를 응원하면서 좋은 영화 감사하고 다시는 이런일이 일어나지 않았으면 좋겠습니다.  
20170330,7,"정우,강하늘 연기덕에 7점  "
20170330,7,코믹과 진지의 중간에서 약간은 위태로웠지만 크게 나쁘진 않았다.  
20170330,9,걍 좀 뻔한 내용같았지만 한순간도 지루하지 않았다극중 연기자 모두에게 박수를 보낸다  
20170330,7,좋았었는데 막판에 너무 어거지로 엮어서 영 뒷맛이ㅠㅠ  
20170330,3,영화내용은 좋은데 스토리 구성이 너무 개연성이 없네요. 특히 진범 자백부분은 너무 어이 없고 또 형사가 무슨 건달인줄 알았어요. 영화 내내 폐건물에서 사람만 담그고 있네요 참..  
20170330,10,평점보다 영화를만든 의도에 평점을 드립니다 이사실은 알려져야합니다당시 익산경찰서 자살한자 외 4명은 죄값을 치르라  그것을 묵인하고있는 대한민국 사법부도 책임을 져라  
20170330,8,세월이 흘렀어도 여전히 정의따위는 소설속 얘기일 뿐인.. 헬조선인 대한민국에 고하는 영화.  
20170330,9,너무 화가 난다..이런 의미 있는 영화가 천만을 넘어야 하는데..너무 기분 좋다 이 사회에 아직도 정의가 살아 있다는 것에..너무 박수 치고 싶다..정우의 빛나는 연기에..그리고 다른 배우들까지..  
20170330,10,"일단 영화완성도만 봐도 100점. 그리고 정우, 강하늘. 거의 OOO기력ㄷㄷ 진짜 한국 영화의 두 미래를 본 기분. 그리고 제발 사법부가 이 영화를 통해 국민에게 제대로 사과할 수 있게 되기를 바람.  "
20170330,10,배우들 연기가 대단하네요  
20170330,10,재판 과정까지 더 포함 시켰다면 좋았을텐데 아쉽네요. 연기력은 정말 좋았습니다.  
20170330,8,내용보면 꼭 3공 5공시절 이야기 같은데 2000년대 이야기라고 하니 믿기지 않는다.이런 고발 이야기는 개인적으로 좋아 하지만 스토리전개가 너무 익숙해서 신선함이 부족했다.  
20170330,8,와 진짜 볼만한데  마지막 너무 아쉽게 끝나는거 아닌가요..? 재심  하는 과정 딱 나와야지.. 그냥 재심 따놓고  끝까지 가서 끝냅니까..!  
20170330,10,간만에 영화를 봤네..  
20170330,10,"정우,  강하는 연기에 감탄하고 영화에 감동하고 울고 웃네요.  간만에 재밌는 영화 봤습니다.  아직도 여운이 남음 유능한 변호사는 테러리스트 보다 친구가 없다.  명언이네요  "
20170330,10,관람객강추. 어려울 수 있는 내용을 액션과 어우러지게 잘 만든 듯.  
20170330,10,와....그냥 감탄이다...  
20170330,10,"담당형사 자살했다는데 부관참시 시켜야함, 쓰레기같은 새끼  "
20170330,8,배우들의 연기가 좋았다.불과 십수년전 벌어진 어쩌구니 없는 사건.다시는 이런일이 벌어지지 않길  
20170330,10,와 진짜 이런게명작이다 라는말밖에안나온다정우 강하늘 연기잘하지 주연 좋지 하지만 조연의 연기력도 명연기한몫했지 특히형사.. 옷벗기고 강하늘때릴때 팬티에 강하늘 그대물은 잊을수가없다 흑형인줄..부럽다  
20170330,9,"그 당시 사건담당 악질형사,악질검사가 그 뒤에 어떤 형벌을받았는지 알려줬으면 더 좋았을텐데...공권력으로 악행 및사익추구를 하는 이들은 일반 사범보다 더욱 더 엄중히 처벌되어야 한다.  "
20170330,8,정우랑 강하늘 앙상블이 꽤 괜찮다 전작보다 약간 흥행하고 싶다는 감독의 열망이 보인다 정우랑 강하늘 팬이면 결제하고봐도 아깝지는 않음  
20170330,10,이거 실화 이야기 입니다.  
20170329,6,솔직히 법정씬은없고 그냥 억울함 호소하다가 결말은 글로 써짐 내용만 암적인 내용임  
20170329,8,정의와 돈의 싸움. 녹록치만은 않은 현실  
20170329,10,진짜 열받게 재미있게 봄  
20170329,5,나는  박평식말에  적극 동조한다 ... . 앞으론 알바  댓글보다  평론가  리뷰를  봐야할듯.  어떻게  변호인과  비교하냐  어이없음 ㅋㅋ  
20170329,10,진짜 100점짜리 연기다...  
20170329,7,마지막 법정씬을 생략해버리면 어떻게하노~  쉬원하게 풀어주고 끝내야지~  쪼매 아쉽다  
20170329,10,다행이다 다행이야 두아이의 아버지가 되었다니 흐믓하다  
20170329,9,진실을 밝혀내는 숭고한 전개  
20170329,8,조금만 잘 다듬었다면..  
20170329,10,진짜 봐야한다 이상 10자  
20170329,10,너무 가슴이 아프네요. 영화 꼭 보세요  
20170329,9,끝에 감동 땜에 +1점 했다  
20170329,10,신안 염전노예 사건. 전라도 경찰들은 지금도 지역주민들과 짜고 지금도 범죄를 은닉하고 있습니다. 이건 과거에 일어난 사건이 아니라 현재에도 일어나고 있습니다. 지역감정 지역주민감싸기 가장심한 곳은 전라도 입니다. 영화에서도 나오듯 중립성이라고는 볼수없  
20170329,10,"연기도 좋고 , 실화라는게 소름끼친다.  "
20170329,10,이런 영화가 천만이 되야지 하는데..  
20170329,10,한국이 공정한 사회가 되길  
20170329,10,몰입도 미쳤음. 다들 연기 진짜 잘하시네..ㅠㅠ너무 억울해서 가슴 치면서 울었습니다  
20170329,1,알바는 답이 없다. 최근 본 한국 영화중 제일 졸작  
20170329,10,간만에 정말 재밋는 한국영화를 본거같아서 좋았네여명연기에 또 실화를 바탕으로 하는 스토리구성이 정말좋았습니다.이런 실화들이 앞으로는 안일어나길 바랍니다.영화의 주인공분 앞으로 행복하게 살길바랍니다.  
20170329,1,그냥 감독이 원하는 연기만 잘함 개연성은 제로  
20170329,10,관람객짱입니다요오랜만에즐거운관람~  
20170329,10,관람객꼭보세요정말재미잇습니다  
20170329,8,절라도 경찰의 실체            .  
20170329,8,법정씬으로 재심2 찍어주세요...  
20170329,8,"이 사건이 2000년대 실화라니 70~80년대도 아니고, 역시 헬조선 이구만 극중 경찰,검사 지금도 실실쪼개면서 잘 살고있겠지  "
20170329,9,관람객두주인공 연기가 참 와다았습니다  
20170329,2,2월 15일날만 알바고용했나 다 높은점수는 2월 15일날이네  
20170329,10,"최고의영화,배움과깨달음을주는영화,멋진명연기와 감동을주는영화, 감사합니다  "
20170329,6,전체적으로 지나치게 과장스러움. 극중에서도 헬조선 헬조선 하더만 진짜 지옥을 만들어놨네.  
20170329,8,또 다시 이런 피해자가 더이상은 나오지 않길.. 진실을 위해 달렸던 모든 이에게 박수를..  
20170329,10,실제로 있었단 사건이란게 소름돋는다 진짜....  
20170329,10,재밌음 그냥!!ㅋㅋㅋㅋ  
20170329,1,평점 너무높다 실화를 모티브로 만든영화인데 감독이 혼자 소설을써놨네 없는인물들 만들어놔서 과장되게 만들어 집중도 떨어지고 앞으로 이런일 안생기게 현실에 집중해서 영화를 만들어야하는데 흥행만 생각해서 너무 억지되고 과장된스토리 안타깝다...  
20170329,9,영화 잘 봤습니다. 권력층들의 희생양이 되어 옥살이 한 사람들이런 사건들이 한 두건이 아니라는 현실이 안타깝기만 하네요  
20170329,9,나 군산사는데..옛날 그 사건이구나.. 내가 고3땐가 고2땐가암튼 그때 벌어진 사건인데 저런일이 있는줄 몰랐네하여간 익산 개양아치동네 이럴줄 알았다 ㅉㅉ군산은 역시 클린해..  
20170329,6,법정재판물을 생각했다면 큰 오산.. 주제도 너무나 흔한 스토리이며 생각보다 짜임새 없고 엉성하며 너무 현실성이 없음(경찰들과 격투씬은 전혀 불필요하다고 봄) 지루하고 임팩트도 없고 그냥그냥 시간때우기용.. -박홍-  
20170329,7,관람객생각해볼수있는 영화 괜찮아요  
20170329,10,평론가들은 눈이 머리 뒤에 달리셔서 뒤에 오크족들 보시느라 평점을 6점대로 주신건가.. 이게 어떻게 6점대의 평론이 될 수 있는지 설명좀 누가 해주시죠? 만약 설명을 못하는거면 이 사람들 평론 할 자격 있습니까?  
20170329,1,차라리 그알 찾아보는게 더나음  
20170329,10,진짜 명연기 ..재밌습니다..이런영화를 영화관에서 봐야하는데 아쉽네요 정말!꼭보세요~  
20170329,6,so..so....  
20170329,8,관람객볼만합니다용하하하핳하ㅏ  
20170329,10,기자.평론가 란은 그냥 없애라 재내가 뭐라하는지 별로 궁금하지도 않아  
20170329,8,마무리에서 사이다발언등으로 변호하는모습으로 마무리가됐어야됐는데 콜라시켜놓고 맹물 마시는 느낌으로 끝나버림. 마지막엔딩은 너무아쉽다.  
20170329,9,사건에 몰입할수 있었던 배우들의 연기  
20170329,9,관람객감동과 재미를 동시에 받아뚬!  
20170329,10,정우 수트핏 좋아 ㅋㅋ정우가 그나이또래들중 연기제일 잘하는것같음  
20170329,10,이 사건때문에 죄없는 사람 형사들에 강압수사 존나 많다고 난리 났었지...ㅎ죄도 없는데 니가 했지? 폭행과 협박으로....ㅠㅠ실화영화 치고 좋았다~  
20170329,10,이정도면 가히 최고라말할수있지  
20170329,10,관람객이런 영화 너무 좋다!!!!  
20170329,10,연기는 잘하는데 줄거리내용이  아~~주  지루했다. 역시나 법정영화란.. 지루함의 끝이 없다. 영화보는 도중에 나가고싶었지만  약속시간이 한참남아서 끝까지 봣지만  정말 지루해 죽는줄 알았다. 평점믿고 봤는데..나만당할수없어서 나도 10점  
20170329,10,정말 기대안했다.완성도 떨어질줄 알았다.배우가 기대안되었다그런데 이건 정말 수작이다.거기다 강하늘 정우의 연기가 이렇게편하고 자연스럽고 강하게 내마음 그리고 머리를 때릴수 없었다강하늘 정우 그리고 이감독은 이영화를 기점으로 더 크게 될것같다  
20170329,6,"내용은 참신하나,전북 사투리가 아님! 다 전라남도 사투리 ㅎ 좀부족했음  "
20170329,10,사법부의 면모를 적날하게 보여준 영화~! 이미 배우들로 하여금 기대감 충족~! 엔딩도 굿  
20170329,10,돈몇푼때문에 한소년의 인생을 송두리째 앗아갔네  
20170329,5,"재심. 제목이 모든걸 설명한다. 열심히 변호하는 변호사의 모습을 기대한다면 기대하지마라. 그냥 재심 들어가는 걸로 끝나는 영화니깐. 연기는 10점이지만 스토리라인은 밍숭맹숭. 드디어 빅재미가 시작되는구나 하는데 엔딩크래딧 나온다. 감동, 통쾌 없다.  "
20170329,8,실제 사건을 모티브로 공권력에 대한 진실을 다뤄서 많은 생각을 하게 만드네요 스케일이 작은 변호인같은 영화에요 법이란 소시민을 위해 존재해야죠 더이상 억울한 피해자가 없기를  
20170329,10,진짜.. 영화는 연기로하는거다.. 영화는 연기로하는거라고!!  
20170329,7,저런 형사새끼 디져야댐저런 검사새낀 불구되야댐 ㅡㅡ  
20170329,9,스토리연기모두훌륭하다  
20170329,10,관람객재밋고 감동적이네요...실화라서 더 몰입됫던...ㅜㅜ 꼭보세요!!  
20170329,1,한국영화 독점 까부수자 !!!!  
20170328,10,관람객잼있다 컬투헐랭 뚱애화이팅  
20170328,10,관람객이땅에 아직도 이런 일들이 많습니다진정한 법조인들이 많아져서우리나라가 살기 좋은나라가 되길 기원합니다  
20170328,7,관람객괜찮은영화  재미있게 봤 습니다  
20170328,9,관람객사회의 부조리를 알릴 수 있는 영화인 것 같습니다.잘 봤습니다.  
20170328,8,관람객좋은영화인것같네요. 예산이더많았으면  
20170327,10,관람객최고로 재밋는 영화라고 생각합니다  
20170327,9,관람객연기와 내용 모두 좋았던 영화 입니다 ^*^~~  
20170327,10,관람객매우 재밌었습니다 굿굿  
20170327,10,관람객뜻깊은 영화입니다 잘봤어요  
20170327,8,관람객너무너무 재밌게봤어요 짱이에요  
20170327,10,관람객정우가 진짜 연기를 잘한다  
20170327,9,관람객이런분들도 있구나 생각하면서 본 영화 기분 좋았어요  
20170326,10,관람객강하늘님 연기 진짜 잘해용  
20170326,10,관람객최고의 영화! 말이필요없습니다!  
20170326,7,관람객재밌었어요^^ㅋㅋㅋ돈주고보기갠차는영화  
20170326,10,배우들 연기가 후덜덜해서 아주 재밌게본영화  
20170326,10,관람객강스카이 짱 그알부터 관심있게 봤던 사건인데 잘봤습니다  
20170326,7,관람객그냥 뭐 구렇네 가나다라마바사  
20170326,10,관람객실화와 90%는 비슷했던 영화였던거같습니다  
20170326,10,관람객재미있게 잘  봤습니다아.  
20170326,10,관람객매우 잘 보았습니다 우하하하하  
20170326,8,관람객내용은 볼만하고 경찰보면서 화났어요 ㅋㅋㅋ  
20170326,9,관람객어딜가든 나쁜놈은존재하고 피해자는 끝까지 피해자인 세상  
20170326,8,관람객좋았다. 끝은 좀 의외였다  
20170326,10,관람객조금더 사건을 실제와 비슷하게 연출했으면 더 좋았을것 같음 그래도 굉장히 관심있던 사건을 영화로봐서 좋음  
20170326,10,관람객Rne sjannwialdlTdjtek  
20170326,10,관람객재밌어요~~~~!!!  
20170326,10,관람객재미잇었습니다 감사합니다  
20170326,7,관람객책보는게 더 좋았을듯 연기는좋아여  
20170326,9,관람객볼만합니다볼만합니다  
20170326,7,관람객그냥..뜬금없이 끝난듯  
20170326,10,관람객재판 내용까지 있었으면 좋았겠다.  
20170326,6,관람객재판과정이없어굉장히 아쉬웠지만 그나마 영화를좋아하는나로선 만족했다  
20170326,9,관람객무엇보다 연기자들의 연기가 너무 좋아서 지루하지 않았어요.세상에는 이렇게 선의를위해서 애쓰시는분도 있다는것에 감사함을 느꼈어요.. 꼭 보세요.  
20170326,10,관람객Ehsoekrbdodjebdodj  
20170326,8,관람객주인공과그외의 인물들이 잘구성된거같다  
20170326,9,관람객실제 이야기더라구요 배우들 연기도 좋았고 재밌게봤습니다  
20170326,10,관람객굿굿구굿굿굿구수구수구수구수굿  
20170325,10,관람객감동깊었습니다 열자이상만큼  
20170325,10,관람객정말 젬있게 봤어요~~~ㅋㅋ  
20170325,8,관람객재밌었어요~~볼만합니당  
20170325,10,관람객재밌었어요 너무너무 다시 또보고싶네요  
20170325,10,관람객좋아요~~후회안함^^  
20170325,8,관람객변호인같은 감동!  
20170325,7,관람객뭔가아쉬운 그렇지만 봐야할  
20170325,9,관람객마지막에 재판장면이 없는것이 아쉬워요.  
20170325,9,연기력도 좋았고 마무리도 좋았고 몰입도도 좋았습니다.  
20170325,10,관람객많은 생각을 하게 되고 결말이 가슴이 따뜻해지는 영화  
20170325,10,관람객연기 정말  잘하고 재밌어요  
20170325,9,관람객배우들의 연기력모두 좋았습니다정우는 특히나~~  
20170325,8,관람객잘만들었다!잘만들었다!  
20170325,8,관람객감동적인 영화그것이 알고싶다 화이팅  
20170325,4,관람객몰입도는 짱이였지만 고구마에고구마에고구마  
20170325,8,관람객의미있네요....  재심  
20170325,10,관람객볼만했어요 그냥 그저 그랬음  
20170325,10,관람객그냥 씁쓸했던영화...  
20170324,10,관람객정우도 정우지만 강하늘이 넘조아씀  
20170324,7,관람객엔딩이 아쉬웠던 영화 개운함이 없엇움  
20170324,8,관람객무난한게 볼만한 영화였어요.정우랑 강하늘은 인증된 배우였었고 실화였다는 점에서 더 잼있었습니다  
20170324,7,"관람객잔잔하고 볼 만 했으나 뻔하고, 통쾌한 장면이 있지는 않았다.  "
20170324,9,관람객앞으로 이런 일들이 없어야 할텐데..  
20170324,10,관람객재미게장봣습니다갓하비낟  
20170324,7,관람객볼만했습니다 열자열자  
20170324,10,관람객정말정말 재밌었어요 너무너무너무너무너무 감동적이었어요  
20170324,8,관람객이제 연기파배우라 불릴만 하다. 결말은 살짝 아쉬움  
20170324,9,관람객너무너무 재미있었습니다  
20170324,9,관람객잼나용 정우연기 지린스~  
20170324,5,관람객김혜숙씨의 연기는 몸서리 쳐지는 실감이 압권이라  
20170323,7,관람객재미있는 영화입니다.  
20170323,10,관람객믿고 볼만한 영화 생각보다 볼만핫더  
20170323,8,관람객완전완전 재미있음!!!!  
20170323,10,관람객말이필요없는 최고의 영화 .. 처절하다  
20170323,10,관람객너무너무 좋습니다너무너무 좋습니다너무너무 좋습니다  
20170323,10,관람객재밌었습니다! 빨리 내려서 아쉽네요  
20170323,10,관람객옆에서 남자친구는 울더라구요  
20170323,9,관람객정의는 이긴다라는 희망이있는 영화~~^^  
20170323,10,관람객억울하고 열받았지만 진심 보고 나오면서 재밌게 봤구나 생각이듬  
20170322,10,관람객마음아프고 마음아픈 이야기근데 이게 실화라는게 더 슬픔  
20170322,8,관람객좀 지루하기는 했지만 재밌게 봤음  
20170322,8,관람객끝이 허망하다는 의견이 있지만 원래 이런 류의 영화는 대부분 다 이렇게 끝나더라구요. 허망하기보다는 여운이 남기려고 노력했다 정도로 보는게 좋은듯  
20170322,10,감동적. 희망대한민국  
20170322,9,관람객지루함없이 나름대로  재밌게 본 영화...  
20170322,9,관람객보는내내화가났던영화...  
20170322,5,관람객조금지루했어요 내용이 끄는느낌  
20170322,10,기대이상으로  재밌음.  
20170322,6,관람객연기자분들 연기는 좋은데 마무리가 아쉬운거 같아요~  
20170322,7,배우들연기쩔고내용도좋았지만이렇다할 재판 마무리를원했는데엔딩이살짝아쉬웠어요  
20170322,8,관람객감동이 다소 부족합니다.  
20170322,10,관람객잔잔한 감동이 있는 영화 잘봤어요^^  
20170322,4,관람객ㅎㅎ오글옥을하고..넘나 노잼이고..  
20170322,10,소름이다 진짜 어떻게 이런 작품이 나올수 있지  
20170322,10,재밌게 잘봣습니다. 추천  
20170322,8,관람객뻔한영화.. 배우들 연기보는재미^^  
20170321,7,관람객연기로 똘똘 뭉처서 몰입도 잘댐  
20170321,10,정우의 명연기 강하늘에 억눌린 연기..진짜.. 짜증나는 영화  
20170321,7,관람객영화제목이상의내용을기대했었는데약간실망스러웠어요  
20170321,10,삶의 가치를 다시 한 번 깨닫게 해주는 영화  
20170321,10,강하늘이 바다에 앉아서 오열하던 장면이 잊혀지지 않습니다..  
20170321,7,관람객강추!재심을통해 무죄가 밝혀져 좋았지만마음이아팠다  
20170321,9,관람객정말 재미있게 잘 봤어요  
20170321,7,관람객정우성존잘조인성존잘  
20170321,8,관람객몰입도좋은 영화입니다  
20170321,8,관람객재밌긴 한데 정우 연기가 살짝 부족했던 것 같고..사이다가 없어서 아쉽..사이다 나오나 싶더니 끝나버렸어  
20170321,10,관람객재밌어요 다시 볼만합니다  
20170320,10,시사회로 맨 앞쪽 구석에서 봤었는데 너무 기대이상으로 맴찢...감동에 연기 너무 실감나서 마음이 아팠어요ㅠ 결말 깔끔하고 뭔가 첨가된 느낌이 없는 영화같아서 좋구ㅠ 배우분들도 너무 좋구ㅠㅜㅜ 정우님 강하늘님 실물로 보고 심장이 멈추는 줄 알았어여ㅠㅜㅠ  
20170320,10,마음 속에 정말 크게 와 닿았습니다!  
20170320,10,관람객별10개플러스100개영화넘재밋엇어요  
20170320,6,모두 훌륭했지만 끝부분을 너무 성의없이 끝내서 별로  
20170320,8,관람객내용이아쉽긴하지만볼만했어용  
20170320,9,관람객영화보면서 화나고 속상하고 열받고...혹시 지금도 저런 일이 일어나고 있지 않을까 의심스럽고~~배우들의 연기가 너무 좋아서 눈을 깜빡이지도 못할 정도로 깊이 빠져 받네요~~  
20170320,8,관람객보면서울컥율컥함역시 한국영화  
20170320,9,관람객두배우의 연기만으로도 볼만한!!  
20170320,10,관람객강하늘 정우 가 함께 해서 그런지 정말 감명깊게 봣습니다  
20170320,9,관람객강하늘연기 짱! 너무너무 좋게봤음  
20170320,7,좋은 영화에 좋은 연기.  
20170320,10,관람객재밋어요!!! 기대이상 ㅎㅎ  
20170320,8,관람객볼만합니다 시간가는줄모르고봤네요  
20170320,10,관람객실화란걸 보고 당사자의 심정이 느껴지는 영화입니다  
20170320,10,관람객국민을 보호해야하는 의무를 가진 국가가 국민을 처참히 짓밟는걸 보여주는 영화. 이런 국가에 의로운 사람이 한명쯤은 존재한다는걸 알려주셔서 감사합니다  
20170319,8,관람객재판내용까지 이어졌으면 더 좋았을듯  
20170319,10,관람객좋았습니다!!!~~~&÷♤~;÷*#  
20170319,10,관람객잊고있던 가치에 대해 다시 생각할 수 있었던 좋은 영화  
20170319,6,관람객마지막이 아쉬운 영화 볼땐재미있다가 허무해짐  
20170319,10,관람객굿구수구수규규ㅠ규규규규슈귯  
20170319,8,관람객재밌었어요!!!우헤헤  
20170319,9,관람객배우들  연기력  몰입도 정말 좋았다  
20170319,9,관람객연기력 너무좋네요 강추합니더  
20170319,9,관람객타임킬링용으로 괜찮은듯요~!!  
20170319,10,관람객정우 와 강하늘의 연기가 빛을 발햇드  
20170319,9,관람객역시 두 배우의 연기 명품이네요!  
20170319,1,무슨 영화 말고 연기력 보려 영화 보냐;;;;정말 이해 안간다 평들  
20170319,10,관람객대박입니다대박영화ㅋㅋㅋ  
20170319,9,관람객연기 너무 잘하세요 ㅠㅠㅠ 진짜 몰입하면서 봤습니다.다만 실제 있었던 일이라는 것이 안타까울 뿐입니다.  
20170319,9,관람객재밌어요 시간가는줄 모르고 봤어여ㅎㅎ 근데 조금 아쉬운면이 없지않아 있어용ㅎㅎ 하지만 감동적 ㅠㅠ  
20170319,10,관람객베리귯귯굿굿입니다연기력대박  
20170318,10,관람객솔직히재밌었습니다 돈이아깝지않았어요  
20170318,10,뻔한 엔딩을 연기력 있는 배우들이 뻔하지 않게 만든 영화~추천합니다.  
20170318,10,관람객추억이 떠올라 좋았어요 실사판 그대로 인듯요 악간의 차이가 오히려 좋았고요  
20170318,10,관람객재미있었어요 진ㅉㄱ·로  
20170318,10,관람객연기 진짜 잘하고 재미있었어요  
20170318,8,관람객의외의 인간미와 감동을 느꼈습니다  
20170318,10,관람객재미있었어요 실제있었던 내용이라 더 안타깝고 마음이 좋지 않았네요....ㅠ  
20170318,10,관람객너무재밋엇습니다 믿고보셔도되요  
20170318,10,감동ㅠ강하늘정우 연기 너무잘해서 영화가 더욱 감동적이네요슬퍼서 눈물나는거 꾹참느라 힘들었어요  
20170318,9,관람객과정은 섬세하고 좋지만 결과가 다서 아쉬운 작품...  
20170318,9,관람객반전~반전 재미있다~!!  
20170318,10,관람객연기도 너무잘하고 재밌었어용  
20170318,10,관람객재미있게 봤어요 배우들 연기도 잘하구  
20170318,8,관람객끝이 허무하긴했지만 너무 의미있는영화였습니다  
20170318,5,관람객걍ㅋ콯ㄷㅈㅇㄹ호ㅗㅇㄷㄱ폿ㅇㄴ  
20170318,10,연기와 연출력이 좋네여  
20170318,8,관람객진실은 꼭 밝혀진다는 것을 알수있다  
20170318,10,관람객최고의 영화 였습니다!!!!  
20170318,9,관람객재밌게봤음세상의 부조리에 분노가 치민다  
20170318,10,관람객실화구성이 너무 좋았어요..^^  
20170318,10,배우들 연기가 대박이었다.  
20170318,10,관람객뭔가  느끼게 해주는 영화네요 ㅎㅎ  
20170318,10,관람객정말 오랜만에 감동적인 영화였습니다.  훌쩍거리며..참으로 잘 봤다는 그런 기분이었습니다.자주  이런 좋은 영화를 볼 수 있었으면 하는 바램을 갖어 봅니다.좋은 영화 고맙습니다.  
20170318,10,관람객실화를바탕으로재구성한재심잘봣슺니다  
20170318,10,관람객재밌고 좋네요 꼭보세요  
20170318,9,엄마랑 조조영화로 보고 왔는데 잘 선택한것 같아 만족합니다 :) 요즘 같은 때에 더욱 보기 괜찮은 영화인것 같네요.! 배우들도 모두 명연기 !!  
20170318,10,관람객재밋네요 감동이고!~!~!  
20170318,9,관람객재심추천..완전추천  
20170318,6,관람객음..뭐랄까..음..  
20170318,10,사람들이 별로라고 그래서 기대안하고 봐서 그런지 내용도 깔끔하고 잔잔~해서 재밋게봤습니다 강하늘 연기 굿  
20170318,10,관람객정우랑 강하늘 연기진짜 잘하네요  
20170317,10,관람객재밌어요 우와아아오야이우어  
20170317,10,관람객굳 진짜 재미있었어요! 다시 봐야겠어요  
20170317,9,관람객음진짜재밌어요추천히니요  
20170317,10,짱♥강하늘 사랑해♥진짜 꼭 보길....  
20170317,5,관람객좀 끌어서 감동이 떨어짐  
20170317,10,관람객세상엔 아직 억울한 일이많네요  
20170317,9,화난다 진짜 눈물도 나고  
20170317,2,관람객어설픔  뜬금포  정우 쪼금갠춘  
20170317,10,관람객엄마랑 같이 봤는데 너무 좋아하셨어요저도 깔끔하고 속시원하게 봤고실화에 기반을 두었다니 너무 가슴 아팠어요  
20170317,6,관람객스토리전개에 있어서 전개의 연결고리와 계기가 조금 아쉬워 몰입도가 조금떨어지긴 하지만 실화를 바탕으로한 영화라 잘 봤습니다.  
20170317,8,굿입니다. 정우는 응4때부터 괜찮게 봄  
20170317,8,관람객걍 볼만한 영화 정도? ㅎㅎ  
20170317,5,관람객음 그럭저럭볼만햇네요  
20170317,10,관람객맘에 들어요..정말../요즘 시국을 보여주는 듯하고말이죠..  
20170317,7,관람객실화를 바탕으로 한거라 더 실감나네요..  
20170317,10,관람객감사합니다감사합니다  
20170317,10,관람객울컥하는 순간이 몇번 있을정도로 몰입해서 봤습니다  
20170317,6,관람객그냥저냥..볼만해요  
20170317,10,관람객스토리는 모르겠고 연기력 갑  
20170317,7,일단 배우들의 연기가 우리를 긴장하게 만들었다 잘 짜여진 각본인 건 모르겠지만... 초반중반의 연출은 괜찮았다고 생각한다 다만 마지막이 다소 생소한 연출보다는 이 영화가 마지막을 이렇게 해서 얻는 효과가 뭘까 라는 생각이 들었다 재밌게 보긴 했다  
20170317,5,관람객그냥 그런 그냥  실화  라는것이  
20170317,1,관람객허탈함 사이다가없음 노잼  
20170317,10,요즘 젤 볼만한 영화입니다.  
20170317,10,보면서 열받았음!! 어떻게저럴수잇지 재밌어요  
20170317,8,관람객결말이 아쉽지만 그외는다좋았음  
20170317,10,관람객넘흐넘흐재밌었어염ㅎㅅㅎ  
20170317,9,관람객가슴 아픈 영화네여 ㅠㅠ  
20170317,10,관람객최고의 영화였습니다.  
20170317,2,관람객똥싸고 안딲은 기분.  그자체  
20170317,10,관람객배우들 연기도 좋고 스토리도 좋네요  
20170317,10,관람객잘봤습니다. 대충볼려다 집중해서봤네요  
20170317,7,관람객연기도 잘하고 재미도 있었음  
20170316,7,관람객정우. 더 잘됬으면. 더더 잘됬으면.  
20170316,9,관람객두 배우의 연기력이 좋아 몰입도가 높았다  
20170316,10,요즘 핫한 배운분들 나오셔셔 기대했는데 실화라고해서 보는내내 너무 속상했어요 ㅠㅠ  
20170316,9,관람객정말 재밌게 봤습니다!  
20170316,10,관람객미녀와 야수 아름다운 영화  
20170316,10,관람객현대사회를 잘 표현했어요  
20170316,9,관람객재밌게  잘봤내요~!!!  
20170316,10,관람객정말오랜만에재미있는영화  
20170316,9,실화인지모르고봤는데 마지막에 실화라서놀랬어요마음이먹먹해지고 가슴아픈영화였네요  
20170316,10,"관람객오랜만에 본 영화였는데, 기대 이상이었다.  "
20170316,10,관람객정말 재미있는 영화였어요  
20170316,8,관람객마지막 엔딩이 좀 아쉽네요  
20170316,8,관람객마지막 엔딩이 살짝 아쉬운감이 있었지만 실화를 바탕으로 하여 그런지 다시 한번 더 생각하게 되는 영화였습니다. 재미있어요 :)  
20170316,8,관람객보는 내내 답답하고 화가나는 영화였어요얼마나 저런일이 많을까 싶기도하고  
20170316,9,'어둠은 빛을 이길 수 없다' - 정의를 실현하기 위한 변호사의 눈물겨운 사투가 인상적인 영화. 모든 배우들의 연기도 좋았지만 특히 정우의 명연기는 지금도 잊혀지지 않네요. 그런데 왠지 지금 현실 상황과도 오버랩 되는 것 같은 건  제 기분탓인가요??  
20170316,7,관람객기대를 너무 많이 했는지..그냥 그랬어요  
20170316,9,관람객볼만합니다 공조보다 재밌었움  
20170315,9,관람객굿굿 실화라 더 감명깊었습니다!  
20170315,10,관람객많은 것들을 느끼게 해주는 영화  
20170315,7,관람객재심까지 가는 과정이 이리도 길고 험하다  
20170315,7,이영화가 마지막이 너무너무 허무했습니다 이제부터 시작인줄알고 기대했는데 끝나네요 연기력은 감탄했습니다만 마지막이 좀 실망스럽네요?  
20170315,10,관람객변호사님 흥하세요! 사회는 썪어도 마음은 그러지마요 우리  
20170315,9,관람객이 시대 모든 약자들 화이팅  
20170315,3,관람객제일 기대했던 재판부분을 생략해서 너무 아쉬웠어요  
20170315,10,관람객좋습니다 만족합니다 굿  
20170315,8,관람객배우들이 연기는 잘하는데 왜 감동은 없는지...  
20170315,8,관람객정우 연기 짱! 재미 있게 봤어요!  
20170315,9,관람객중간에지루한감은있었지만나름재밋게밧음배우들연기력이장난아님  
20170315,9,관람객보고 나오신 지인들이 권유 하셔서보게 됐는데  뜻깊게 봤습니다~  
20170315,10,관람객매우슬프고감동적이다  
20170315,8,관람객내용은 좋았으나 결말이..ㅠㅠ  
20170315,8,관람객네재밌었어요연기를넘나잘하네요배우들이  
20170315,6,관람객연기들을잘하네요내용보다연기력에감동받음  
20170315,8,관람객정의는 살아 있다라는 생각이 깊게 들었다.  
20170315,10,배우 정우...다시밧네요좋은영화 감사합니다  
20170315,7,관람객너무 기대를 하고 봐서 그런지 조금 아쉬웠습니다. 뭔가 마지막에 짠한 감동이 좀 부족했던것 같아요. 전체적인 분위기는 영화 변호인과 비슷했던것같고 다만 변호인에서 느꼈던 강렬한 한방이 없어서 아쉽더군요. 그래도 재밌게 잘봤습니다.  
20170314,10,관람객연기하나는 진짜다들최고  
20170314,5,관람객초반은 잼후반은 이상한 마무리  
20170314,8,관람객더이상 억울한 사람이 생기지말기를?재밌게 봤어요  
20170314,9,관람객재밋어요 볼만햇어요 연기짱 근데 여기 쓰면  
20170314,9,관람객앞으로 이런 일이 일어나면 안되겠고 재심이란 영화로 몰라서 지나갈 수 있던 사건이 베일에서 벗겨져 후련했습니다 이런 마인드의 변호인들이 많아지고 당시 강압조사 했던 사람들은 대가를 치뤄야하고 직업에 사명감을 가질 수 있는 사람이 사회에 많길 소망합니다  
20170314,8,관람객마지막엔딩이아쉽다복수하는그림이나오면좋을탠데  
20170314,7,관람객뭔가그냥잔잔한느낌잔전이있었으면 좋았을껄  
20170314,10,관람객진짜 잘봤어요 재밋는것  
20170314,9,실화바탕이라 더 실제적이네요.분노하게 만들고 감동하게 만드는 영화입니다.  
20170314,8,관람객이런실화를바탕으로한 영화들이 많이개봉되어서많은사람들이 이런일들을 알수있는 기회가되었으면좋겠습니다..  
20170314,9,관람객우리나라 법의 행태가 어떠하며 점점 시간이 지날수록 더러운 사람의 개인적인 면모가 뉴스라던지 영화에서 라던지 드러나고 있다 이런걸 보고 아무것도 못하는 나지만 이런말이라도 써서 죄없는 사람이 부당한 대우를 받지 아니했으면..  
20170314,9,관람객재미있고 감동과 마음의 심금을 울리는영화  
20170314,7,관람객보는내내 안타까운마음이 드는군요..  
20170314,8,관람객일단은 알고보는 스토리라서  반전등의 재미는 없었고정우라는 배우가 생활연기가 탄탄한지라 배우연기는두말없이  훌륭했습니다. 근데  약촌오거리가  전북익산에 있는데  제가 익산사는사람으로  사투리가 너무 아니다 싶네요  
20170314,10,가슴이 따뜻해지는 영화다...가족과 함께 강추....  
20170314,8,관람객모든배우들의연기가정말좋았다  
20170314,9,요즘 사회고발적 영화가 많아져서 그러려니하고 봤는데 잘짜여져있고 감동적이네요. 특히 한국영화의 '너 울어야되!'식의 신파가 없어서 좋았습니다. 보는 중간 '아 좋은영화다'라는 생각이 드는 영화였습니다.  
20170314,8,관람객정우 연기멋있네요.   정의로운 한국이 되었으면좋겠습니다...제발.  
20170314,5,관람객억울한 누명으로 인해 꽃다운 인생이 짓밟혀 안타까운 영화  
20170314,7,관람객가슴 뭉클한 영화! 배우들의 깊은 연기가 영화의 내용을 더 와닿게 했습니다  
20170314,9,일에찌들어 여기저기에서 많은말들을듣고 너무힘들었던요즘 이영화를보고 힐링이된거같다는 생각을하게해준 영화인것같다  
20170314,10,관람객영화를 보면서 말도안되는 상황에 너무 어이가 없었습니다. 피해자 역할을 잘 소화한 강하늘이 너무 대단하다고 생각했고 너무 잘 만들어진 영화라 생각됩니다.  
20170314,10,걍 평점 높대서 어떤 내용인지도 모르고 들어가서 봤는데 진짜 탑배우 없어도 쩔어줬다...ㅎㅎ 무겁기만 하지 않고 소소한 웃음도 줘서 좋았다 최고  
20170314,9,실화라는게 충격일 뿐이다..  
20170314,6,글쎄여..너무짜내기 울음....  영화소재 할만큼 분량이 없는것도 아닌데... 너무 허전 하네요  
20170313,6,연기는 제대로인데 도입부를 두시간으로 늘려 본 느낌  
20170313,9,관람객지루하지않고 재미있어요!  
20170313,10,관람객말이필요없는영화지요  
20170313,8,관람객너무 우리나라의 현실을 잘반영했음 너무 답답해죽는줄  
20170313,1,핵노잼 재미를 어디서 찾아야할지 도통모르겟다 ! !  
20170313,10,"다음에는 능력이 있든 없든, 후광으로 혹은 금수저로 태어나서 세상 물정을 모르고 단지 이익을 위해서 잘못된 판단을 한 사람이 줄어들었으면 한다. 그래서 선량한 사람들이 억울하게 희생당하거나 피해 입지 않도록..  "
20170313,9,관람객연기도 좋고 오랜만에 재미있게 봤네요  
20170313,1,연결이 부자연스러움 편집이 에러 연기는 굿...  
20170313,10,관람객스토리도 탄탄하고 배우들의 연기력도 정말 좋습니다. 몰입하면서 2시간 금방 가더라구요. 추천합니다!  
20170313,10,몰입력 좋았어요~ 멋진배우들 +  완성도 있는  작품  
20170313,8,"관람객생각보단재미있었읍니다정우와하늘이에캐미가좋았던듯도하구ㅡ전에본변호인과도비슷하것같기도하구,  "
20170313,9,참.. 영화보는내내 열받아서..공권력의 탈의쓴 범죄자들..  
20170313,10,"남편과 형사들을 욕하다가 문득 우리 자신은 얼마나 선한 사람인가에 대한 의문이 들었다. 우리는 내 앞의 돈, 남의 이목보다 한 사람의 억울함을 더 우선 가치에 둘 수 있고, 타인의 슬픔에 진심으로 공감할 수 있는 사람일까. 자신있게 대답할 수 없었다.  "
20170313,7,"관람객영화는 현실감은있는데, 법정에서 변론하는 과정이  빠져서  아쉬움!  "
20170313,10,그냥 꿀잼이더라 이거 관객수 낮은거 좀 안타깝더라  
20170313,10,관람객구우우우웃!!!ㅎㅎ  
20170313,10,오늘 우리에게 가장 필요한 영화..  
20170313,10,관람객두번 본 영화지만 볼수록 감동적이예요.  
20170313,8,"관람객생각했던 장르는 아니었지만 재밌었어요!액션신을 좀 줄이고 법정,재판신을 조금 더넣었으면 더 좋았을거같아요!  "
20170313,10,마누라가 보고 싶다고 해서 봤는데 참 좋았어요~^^  
20170313,10,관람객정의실현하는 감동영화 입니다^^  
20170313,10,정말 가슴치면서 보게되는 영화  특히 배우정우를 다시보게되었다~  
20170313,10,관람객재밋어요엄청엄청재밋음  
20170313,7,관람객이리 말할 수 없는 최고의 명연기  
20170313,8,관람객실화를 바탕으로 해 재미도 있고 사회고발적 의미도 있었다. 하지만 이런 주제 특유의 오글거림은 어쩔 수 없었다.  
20170313,10,"정우의 변호사연기력, 주제의 내연성, 주.조연할거없이 뛰어난 연기력으로 쉴틈을 안줌ㅎㅎ 굿  "
20170313,10,관람객부패된사회가없어졌으면좋겠습니다실화다보니까 화면에나오는 주인공들의 대사 하나하나 놓치지않고듣다보니 푹빠져서 시간가는는줄모르고봤습니다.  
20170313,10,관람객감사합니다..박준형 변호사님^^  
20170313,8,관람객재밌었습니다^^ 연기도 좋았고 스토리드 재밌었어요  
20170313,6,관람객결국 안 시원한 부분은 안긁어주는 듯한 느낌  
20170313,8,관람객볼만합니다 사이다있어서.다행  
20170313,9,관람객기대안하고봤는데 재밌네요 지루하지않았어요 배우들 연기도 너무너무좋구요  
20170313,10,"관람객영화같은 실화, 또 다른 희생자가 없기를  "
20170313,10,관람객예상가능한 전개와 스토리중간중간 감동 요소 사이다 같은 결말  
20170313,4,관람객인물의 감정 변화에 개연성이 부족하다실화를 바탕으로 했는데 너무 범죄 장르화가 된 느낌실화의 연장선을 보고 싶었다면 실망할 수도  
20170313,1,막장 연출에 어울리지 않는 연기 과도한 눈물 짜내기 수법들의 혼종 '재심'  
20170313,10,관람객기대안했는데  몰입해서 봤어요 지금 시국이랑 비슷해서 더 그랬던거 같음  그 분?께 듣고 싶었던말을  영화를 통해들은느낌 현실에선 아마 들을수 없겠죠  
20170313,10,진짜 영화 디테일 개 짱이다  
20170312,9,관람객내용 하나도 모르고 봐서 그런지 재밌었음ㅋㅋㅋ  
20170312,9,"관람객강하늘과주연배우의연기에한번더놀라게되었고,영화내용이실제있었던거라더욱더몰입해서보게되었고스릴있고재미있었다.정말재밌었고영화보면서눈물까지흘렸다는점에대해새로웠다.  "
20170312,8,"관람객어려운싸움이었지만,정의가실현되는사회.가슴아린감동이에요..  "
20170312,10,관람객정말재밌다 엄청나게 쩐다  
20170312,10,관람객재밌어요ㅎㅎ 한번 더 보고싶을정도네요  
20170312,10,관람객정말 마음이 따뜻해지는 영화였습니다.  
20170312,8,관람객재미는 있는데 2프로가 부족한 느낌이라서..  
20170312,10,"생각할 수 있는 기회를 주는 영화인것 같아요. 실화 소재여서 맘 한구석이 뭉클도했고...강하늘 눈빛연기, 정우와 조연배우들 연기도 너무 좋았어요. 오랜만에 재미있게 봤습니다!  "
20170312,9,관람객배우들의  열연으로 좋은 작품이 탄생한거  같아요  
20170312,6,관람객예고편보고 기대했는데 그냥 그래요  
20170312,10,강하늘 연기가 이제야 볼만해졌다고 느꼈다 실제 주인공의 억울한 10년 누가 갚아줄까 미국처럼 돈이라도 듬뿍 주면 몰라 그 돈 마저 안줄려고 이리저리 수쓸테고 경찰 검찰놈들은 여전히 윗자리에서 있는데 씁쓸하다  
20170312,6,관람객그냥 저냥 물흐르듯이...  
20170312,10,관람객배우들의 연기가 너무 좋았습니다.  
20170312,10,영화상영시간이 짧다고 느껴질만큼 몰입되었습니다. 많이 사람이 보고 기억하고 느껴야 할 영화인 것 같습니다.  
20170312,9,관람객모처럼 가족들과함께 영화를관람했눈데 가족 모두와보기에도 주담스럽거나 꺼림직한장면별로없이 재미와 감동 스릴이 함께 있어 보는동안 정말 영화에만 빠지고 영화에만 확 집중할수있게했고 배우들도 정말 자기배역에 몰입하셔서 정말 그배약에 딱맞는 연기때문에좋았다  
20170312,8,관람객잼나요 역쉬 유해진영화^^  
20170312,10,"볼만한 가치가 있습니다.. 법이 사람에게 어떤 영향을 끼쳐야 하는지.. 실상은 어떤지도요. 명품연기자들까지, 참 잘봤어요.  "
20170312,6,관람객쏘쏘입니다. 내용은 흥미롭지만 식상하기도 하고 실화라고는 하는데 군더더기가 많아서 극 개연성이 부족하네요  
20170312,9,관람객잼씀 ㅋㅋㅋ눈물이 날꺼 같으면서 안나네... ㅎㅎㅎ  
20170312,9,너무 잘봤네요. 배우들의 연기가 대단합니다.  
20170312,10,관람객모든것이 잘 만들어진 영화. 오랜만에 잘 봤습니다. 수작입니다.  
20170312,8,관람객감동적입니다 소신있게 하는것이 마음이 뭉클했습니다  
20170312,8,관람객쟈밍ㅆ어여 추천합니다  
20170312,8,관람객집중도가 좋은작품입니다 ^^  
20170312,8,잇는 그대로를 잘 표현해준 영화같다감동그자체군 2프로가 살짝 아쉽긴햇다만;;기대 안한 영화치곤 잘봤어요ㅎㅎ뭐든 기대해서 영화보면 실패하더라구요ㅋㅋ  
20170312,9,관람객내가족에게 저런억울한일이 생기면 어땠을까영화 엄마의 마음이되어 속상해서 한숨쉬며 보았습니다마지막에서 잠깐이라도 권선징악의  장면을 보여줬으면 영화관을 나오며 속이후련했을텐데하는 아쉬움이남네여  
20170312,5,관람객재미는 있는데.. 러닝타임 너무 길고.. 사이다 같은 결말이었으면 좋겠는데 그게 좀 아쉬워요  
20170312,10,관람객정우 연기 좋았어 강하늘 간절한 연기 좋았고 특히 엄마 역할 인상깊었고 너무 슬퍼서 감정이입이 됐음.  
20170312,2,최근 5년간 본 영화 중에 제일 지루한 영화였다.  
20170312,9,그냥 가서 봐야됨 그것도 꼭 봐야됨  
20170312,9,"관람객실제로 있었던 사건을 재구성하였고, 정의로운 변호사가위험위험을 무릅쓰고 손해를 감수면서 억울한 피해자를 재심 신청하여 누명을 벗게 한 장면이 마음에 와닿았음  "
20170312,10,처음에 돈을 목적이었던 변호사가 점점 자신의 피고인에 관한 사건에 대해 알아가고 둘 사이의 연이 생기는 것이 보기 좋고 변호사가 자신의 피고인을 구하려하는 모습이 좋다 마지막에 세상에 너가 잘못한게 없다고 말하는 장면이 너무 감동이고 연기력도 좋았다  
20170312,8,관람객결말이 허무했지만 재미있었어요!!시간가는줄 몰랐네요남자친구는 만점주지말래요..  
20170312,8,관람객정우와 강하늘의 연기력이 빛난 영화  
20170312,7,관람객무겁고 찝찝한 주제를 적절한 연기력으로 잘 표현한 작품이었으나 연출적인 부분에서 다소 아쉬운 영화  
20170312,7,관람객평이한 배역에 평이한 전개...무난한 영화  
20170312,10,"심심해서 볼까했는데 너무 재밌었다. 집중하게 만드는 영화, 억울함을 풀어주는 영화, 최고의영화!절대 후회안한다고 친구들한테도 방금 말했다 ㅋㅋ  "
20170312,7,"관람객연기도 괜찮고 스토리도 나쁘지 않음다만, 진부한 폭력 형사 장면과 살인 장면은 진부함  "
20170312,7,관람객긴장과 몰입을 시켜야하는 영화인데..배우..제작자 실패한듯  
20170312,8,"관람객법적 정의가 무엇인지, 부당한 현실속에서도 정의를 구현해야할 필요성을 느끼게해준 좋은 영화였습니다  "
20170312,10,관람객완전재밌어요 후반부에슬퍼요  
20170312,10,관람객어느정도 볼만했져용ㅎㅎ  
20170312,9,관람객강하늘 정우씨의 연기일품 정말 재밌게 보았어요~~눈물끝에 진한감동이...이영화보기 선택 잘했어요  
20170312,10,관람객엄마가 보시면서 가슴이 답답하디셨는데 마지막 장면보고 좀 시원해지셨답니다잘봤습니다  
20170312,10,관람객저의 꿈은 변호사입니다  
20170312,10,한국 검찰과 권력에 기생하는 군상들을  실감있게 ㅛㅎ현한 수작  
20170312,7,관람객다시 바라보고 생각하는 용기  
20170312,9,관람객대한민국에서 법때문에 어렵게 살아가는분들에 다시금 생각해볼수있는 좋은기회였습니다. 좋은영화감사합니다  
20170312,10,관람객꿀잼이네요 강추학요ㅎㅎ  
20170312,8,관람객배우들의 연기가 좋았음  
20170312,9,관람객정말 재밌게 봤어요. 오랜만에 영화관에 가서 좋은 작품 보고 갑니다!  
20170312,9,관람객실제있엇던일이러눈게 소름 ㅠㅠ  
20170312,9,관람객너무좋앗어요 감동이엇어요  
20170312,10,관람객굿굿입니다 배우들연기도잘하고 내용도 실화라서더 감정이입되서보게되었어요  
20170312,10,관람객약간 미완성 느낌이 나지만 너무 감명깊게 잘 보았습니다.  
20170312,8,관람객뒷내용이 더 나왔다면 더 좋았을것같다는 아쉬움이 있지만 전체적으로 재밌었어요.상대적으로 경찰역할의 그분....폭력성이 조금 보기 거북했다능...  
20170312,10,관람객ㅅㅅㅅ넘나재밌는것 옳았던걸 지켜줘서 고맙다  
20170312,8,관람객너무 알려진 스토리라서 긴장감이 덜함  
20170312,10,관람객진짜 경찰하는거보고 빡치면서봣네  
20170312,10,관람객완정재미잇럴요 ㅎㅎ  
20170312,1,별로였는데 나만 느끼는게 아니였구나? 정우님 박철민님하고 조폭형사분 연기 잘하는데 감독의 허술한 전개와 연출때문에 나머진 그닥 와닿지 않았음.  정우도 급양심생기고 강하늘도 급마음문열고  
20170312,6,관람객빠르긴한데 첨에어떻게하는지몰라서 당황했네요 그래도 빠른예매덕분에편했어요 줄서서그런건없엇지만 맘편히가서 잇엇답니다  
20170312,1,조잡함의 끝을 보여주는 영화영화관을 나와서 거울을 보는순간 제일 억울한 사람이 서있을 것이다  
20170312,10,관람객완전 재미있었습니다.실화라서 더욱이  재밌었고 여자친구랑보는데 눈물을릴뻔 했습니다  
20170312,4,관람객편하게볼수있는영화인듯  
20170312,10,실화를 바탕으로 한 영화를 볼수 있어서 좋았구..다시는 이런 억울한 일이 일어나지 않았음 좋겠어요감동깊게봤네요~  
20170312,10,강배우연기에 또한번 감탄하고..  늘 문제가되는 사람들... 잘못을 저지르고도 자신의 이익과 명예?를 위해서만 사는 권력자들...  
20170312,9,관람객너무 기대하고 봐서 그런지 쪼금 지루한 면이 있었지만 재밌게 보았답니다^^*  
20170312,10,관람객정말 감동적이었습니다. 다시는 이런 억울한 일이 없길 바랍니다..  
20170312,8,관람객실화바탕이라 해서그런지 잼남  
20170312,8,"잘못된 것을 기억하고 사과하기 위해 만들어진 영화인 것 같아, 이런 영화를 만드신 감독,배우,작가 등 많은 분께 감사한다.  "
20170312,10,관람객배우자들의 연기력에 감동 실화를 바탕으로 한 영화감동님에게도감동 지금 우리나라 국민들이 봐야 할 영화인것같아요..박수쳐드립니다 (짝짝짝)  
20170312,8,이 영화의 제 평점...  
20170312,10,검사 밑에 경찰 소재로 다룬 영화들이 많은 만큼 이젠 교과서 내용도 수정해야 되지 않나 싶다. 입법부 = 사법부 = 행정부 .. 아직도 사회교과서엔 이따위로 적혀있겠지. 정치 관심없는데 오늘 또느꼈음. 대한민국은 법치도 민주도 아니라는걸.  
20170312,10,관람객힝 보고 가슴이 먹먹해서 울었어요ㅠ힘없는사람들은 억울한 있는자의 나라가아니라 약자들을 더욱 배려해줄수있는 나라가되길 다시한번 소망해봅니다ㅠ  
20170311,10,실화라 더 와닿네요 정우연기 감동입니다ㅠ  
20170311,9,관람객개인의 인권이 국가권력에 무너지는 일은 있을수 없다.인간의존엄성은 국가권력에서  부터 시작되야한다  
20170311,8,관람객배우들의 연기가 훌륭해 감동적이였습니다  
20170311,9,관람객재밌었어요 강하늘 연기  
20170311,7,관람객우리나라 가끔 참 나쁜세상인거 같다.  
20170311,7,관람객괜찮은 영화였습니다.  
20170311,9,관람객재밌고 감동입니다 이런 영화가 많이 나옴 좋겠습니다.  
20170311,10,관람객꼭보세요!!! 너무 슬프고 답답하고 감동적  
20170311,10,관람객역시는역신가...말로 표현못할 그냥 봐야될 영화  
20170311,7,관람객내용에  임팩트가 약하고   마무리가  시원하지  못했다  
20170311,10,관람객다들 연기 너무 잘하시네요 명연기다  
20170311,10,"아니 왜 200만명 뿐이죠..? 아진짜 너무 명연기에다가 몰입감이 장난아니고 진짜 너무 슬프고 너무 재밌어요,,,, 모두들 보세요,,,제발!,,!,!!  "
20170311,9,관람객영화보기전에 미리 내용을 알고갔는데도 재밌게봤습니다  
20170311,10,관람객가슴 찡하게 하네요. 더욱 밝은사회가  되기위해 대통령을 잘 뽑아야 겠다는 생각을 해봅니다~~  
20170311,8,재밌긴한데 뭔가 좀아쉽다 ㅠㅠ 뒤에 좀더 나올줄 알았는데 그렇게 끝나다니 ㅎㅎ  
20170311,8,관람객극찬할 정도는 아니였다. 약촌오거리 사건에 대해서 관심이 있어서 한번 봤는데 꽤 볼만했으  
20170311,10,관람객큰사이다가 없어서 넘 아쉬움..박살내는거 까지나왔으면 대박이였을듯!  
20170311,10,진짜너무재밌어요 그리고 감동도있고 실화라고하니 더욱더 생생하게느껴집니다  
20170311,2,관람객인생작!!! 내인생 처음으로 영화관에서 꿀잠을 청했어요  
20170311,10,관람객좋네요.슬픔과감동 모든 희비와...잘만들었네요.역시 정우 짱ㅋㅋ  
20170311,10,감사합니다. 죄송합니다. 다시는 억울하신 분이 없었으면 합니다.  
20170311,9,"관람객마무리 허무함..,.,.,  "
20170311,8,관람객실화를 바탕으로한 영화라 좋았음  
20170311,10,관람객가족과 함께 즐겁게 웃고  행복한시간 보내면서 재밌게 봤던 영화입니다~^^  
20170311,8,관람객잊혀진 사건에 대해 어느정도 각색하여 영화한 부분이 나쁘지 않았던거 같습니다  
20170311,9,관람객너무 재밌어요용 최고 굿  
20170311,9,관람객많이 울었습니다 연기가 정말대단  
20170311,7,관람객소재는 좋은데 스토리 연결이 좀 아쉽습니다.  
20170311,9,관람객재미있게  봤어요그런데  마지막은 너무  급하게 마무리 한  듯 해서완성도가  좀 떨어졌어요좀  지루하기도  했어요  
20170311,9,관람객영화를 보는동안 지루 하기도 했지만  마지막에 너무 슬펐다  
20170311,10,관람객너무너무 재밋어요 연기도 완전 잘해요 짱  
20170311,10,관람객아프리카도토잼기ㅋㅋㅋ  
20170311,10,관람객실화를 바탕으로 했다니 더 감동적이고 좋았어요앞으로도 억울한 누명을 벗겨주는 정의로운 사건이 많아졌으면..  
20170311,10,안보신분 꼭 보세요 넘 감동적이야 ㅠㅠ  정우  강하늘  연기 왤케 잘해  
20170311,10,관람객좋아요! 억울한 누명이 오랜시간 걸렸지만 풀려서 정말 다행인거같아요  
20170311,7,관람객끝이 믿믿해서 실망스럽네요  
20170311,7,관람객정우 연기 잘하네요. 꼭 보세요  
20170311,10,관람객꿀잼이다 꿀잼이다꿀잼이다꿀잼이다  
20170311,10,관람객좋아요 아주 좋아요 매우좋습니다  
20170311,9,관람객영화가 끝난 후에도 오래 남는 여운이 좋습니다  
20170311,8,너무 예상되는 스토리지만 나쁘지 않게 풀어낸 듯  
20170311,9,관람객감동있고 재밌었어요 근데 마무리가 살짝아쉬워요ㅜ  
20170311,8,관람객쪼금은 지루했지만..많은생각을하고본 영화..  
20170311,9,관람객실화라서 더 집중해서 본것같아요  
20170311,2,작위적이고 연기도 오버페이스 지루해 죽는줄. . 그것이 알고싶다가 훨 나음  
20170311,5,관람객재밌게잘봤어요 정우너무 멋있어?  
20170311,7,관람객치열한 법정 다툼을 기대했다면다른 영화를 보시길  
20170311,8,관람객나쁘지않아요 ㅎ 연기도 잘하고 강하늘이 연기잘해요!! 마음이 따뜻해지는 영화  
20170311,8,관람객재밌네요. 재밌어요. 재밌다.  
20170311,10,와...감탄사밖에 말이 안나오는 영화였다. 연기 대박  
20170311,10,관람객여자친구랑갔는데 재미있었어용  
20170311,1,엥 완전 별론데 마지막 개어이  
20170311,7,관람객현실은 역시영화보다잔인하다  보는내내화가낫다  
20170311,9,관람객음냐쿨쿨졸았습니다...  
20170311,9,관람객배우 정우의 연기가 짱~~~  
20170311,8,재미있던데?    콩은 보지 마셈 노잼  
20170311,10,올해영화중 이게  BEST였다형사는 참...실제로 존재하겠지?  
20170311,9,관람객실화와 약간 차이가 있어서 조금 아쉽지만 감동적으로 봤어요  
20170311,10,good movie~~!!  
20170311,8,관람객마지막 결말이 살짝 아쉽긴하지만 잘봤습니다!  
20170311,10,관람객억울한 국민이 단 한사람도 없는 날을 꿈꾼다  
20170311,8,관람객연기가 대박이네요. 정우와 강하늘  
20170311,10,관람객잘 봤어요 굿굿 좋은 선택  
20170311,9,관람객요즘 우리나라실세에 맞게 영화에 이입하며 재밌게봤어요.  
20170311,10,오랫만에 본 괜찮은 영화주연배우들의 연기가 너무 좋았음  
20170311,10,우리나라에 억울한 일이 없어졌으면 좋겠어요.. 배우분들의 명연기에 정말 감탄했습니다.^^  
20170311,8,관람객재미가잇습니다 볼만함  
20170311,9,관람객이사회가누군가에의해서불이익당하는일이없음하는바램이다  
20170311,9,관람객재밌어요 재밌죠 ㅎㅎ 재밌었다고  
20170310,5,관람객엔딩 극혐 엔딩을 쫌 그냥 행복해하는장면이라도 찍든가  
20170310,7,연기가 나쁘지는 않았어요 지방은  상영관이없어서 찾아서 보았네요 적어도 순위에 있는건상영해야되는거 아닌가?해빙은 좋은시간많던데  무튼찿아가서보았는데 마무리도그렇고  중간조금지루하고 배우분들 연기는 좋았답니다 상영관도 부족하네요  
20170310,10,관람객재밌게 잘봤습니다 연기들이 좋더군요 굿굿굿  
20170310,10,관람객무의미하지가않아요글죠  
20170310,8,관람객넘 화가나네요..경찰이고.검사고.재판관이고 믿을넘 하나 없네ㅡㅡ  
20170310,9,주제 의식 좋고 연기자들의 연기가 감명 깊었다.  
20170310,9,관람객쓰레기 연기 좋았습니다. 억울한누명 벗겨주셔서 감사합니다 변호사님!!  
20170310,10, 보는내내 먹먹하고 부조리한현실이 부끄러웠어요 여운도많이남고 강하늘 정우 연기ㅜㅜ진짜좋았어요  
20170310,10,관람객두분의 연기력이 최고ㅎㅎ  
20170310,10,혼영했습니다몰입도가 정말 최고였습니다  
20170310,10,관람객너무나. 감동적이고. 마음. 따뜻해지는. 영화었읍니다  
20170310,10,관람객재미있어용 오오오 너무 자밌엉  
20170310,8,관람객연기가 좋았음~!!!  
20170310,8,관람객편견과 사회적약자에 대한 무시로 만들어버린 가짜 범인.진실을 덮어버린 조작된 진실..돈 없고 빽 없는자는 법앞에서도 보호받지를 못한다.억울하게 잃어버린 10년을 어떻게 보상 받을 수 있을까..현재는 온전히 행복하시길...  
20170310,6,관람객개연성이 별로입니다...  
20170310,1,정우 때문에  별루임 .. 연기 항상 똑같음  
20170310,7,관람객볼만햐요하히후헤호하  
20170310,9,관람객좋은 영화입니다 추천합니다  
20170310,10,관람객진짜보면서화도나고 슬프기도햇습니다  
20170310,7,관람객재밋어요!가족들이랑 보기 좋은거 같아요  
20170310,6,관람객좀 뻔하고 지루했으나 연기자들의 연기는 훌류했음  
20170310,9,관람객연기잘하는배우. 믿고보는거지!  
20170310,8,관람객재미잇엇고 두분 연기도 좋아서 몰입이 잘되엇어요  
20170310,9,관람객네 재밌어요 정말로ㅋㅋ 훈훈한 영화  
20170310,9,흥미진진 재미있게봤습니ㅏ  
20170310,6,관람객그럭저럭 중간에 좀지루  
20170310,2,관람객노잼입ㄴㅣ다  욕난무 변호장면 별로없음  
20170310,9,"관람객강하늘,정우 연기 짱실화라 더욱 통쾌  "
20170310,8,관람객나쁘지 않은 영화 재판장면까지 나와줬으면 하는 아쉬움은 약간 남는듯...  
20170310,6,관람객좀 뻔한전개. 억지감동이있음  
20170310,8,관람객연기력은 좋았으나 끝 마무리가 시원하게 끝이 안나서 좀 아쉽네요 해숙이 아주머니 연기는 진짜ㅠㅠㅠ보는 내내 엄마생각났네요 약간의 코미디가 더 섞였으면 하는 바램도 있었는데 그것도 아쉽지만 ㅠㅠ 그냥 그럭저럭입니다!!  
20170310,8,관람객진짜 괜찬았어요 후회안합니다!!한번씩꼭기회되시면보러가세요~  
20170310,10,관람객이 영화를 보며 다시 한번 잊고 있던 이 세상의 어둡고 더러운 이면을 느꼈다.힘있는 자들의 권력과 힘없는 자들의 억울함.그리고 어쩌면 아직도 존재할 것같은 더러운권력자들.힘없고 억울한 약자를 연기한 강하늘의연기가 정말 인상깊었다.  
20170310,8,관람객시간적으로 여유가 부족했는지 끝맺음이 너무 아쉽다  
20170309,9,"관람객밍밍하지만,연기는굿  "
20170309,1,관람객스타트부터 결말이 너무 뻔하게 보이는 영화 보다가 1시간 남겨두고 나왔어요  
20170309,9,관람객정말 재밌어요 ㅎㅎ 꼭보세요  
20170309,5,관람객강하늘 정우 연기훌륭했습니다  
20170309,8,관람객재밌게봤습니다 다들연기너무 잘해요  
20170309,10,관람객굿~~~!!!!@@@@..  
20170309,7,관람객흠 화가나는 영화? 재미는 있었음 ㅎ  
20170309,10,관람객실망스러운 대한민국의 현실에 희망을 선물해주는 영화.  
20170309,9,관람객아이덴티티보려다 재심보기 정말 잘했단 생각이 든다피해자의 슬픔 분노가 너무나 잘 느껴지게끔 하늘이가 연기한 덕분에 영화에 푹 빠질 수 있었다.  
20170309,10,관람객재밌어용 ㅎㅎㅎㅎ ><  
20170309,10,관람객바냐고어쳠ㅎ주키티누마비내테  
20170309,8,관람객집중해서보게되는영화에용 재밌게잘봤습니다~~  
20170309,7,관람객연기갑 볼만해요 재판하는장면없이도  
20170309,9,관람객엄마랑 같이 영화관을 찾아 본 첫 번째 영화. 정의는 마땅히 투철되어야 한다!  
20170309,10,볼만했다 조작된도시보다도..  
20170309,7,드라마틱한 캐릭터 변화 후 내가 이 영화에 대해 할 말은 헤에... 밖에 없었다.  
20170309,9,관람객여운 짱! 굿굿굿bbb  
20170309,10,관람객영화다운영화였습니다  
20170309,9,굿굿 생각보다는 재밌었다  
20170309,3,오버하는 연기... 몰입이 안됨...  
20170309,10,정우 연기 진짜잘한다 최고다bb  
20170309,8,관람객재밌었음 실화배경이라 더 재밌게봄  
20170309,9,관람객재미있어요 볼만합니다  
20170309,9,관람객연기가 살아있었지만 조금 지루했던 영화  
20170309,9,강하늘님 열연 박수 보냅니다. 안봤으면 후회했을 영화였네요.  
20170309,10,관람객레알꿀잼 정우 하늘조합 개꿀  
20170309,10,처음엔 자신을 위하던 것이 나중에는 남을 위한 것으로 바뀌니까 너무 따뜻한 영화였다.  
20170309,9,"실화, 그리고 배우들의 명연기!  "
20170309,10,꼭  봐야될  영화같아요배우들  연기도  좋고  내용도  좋구요  
20170309,10,"관람객재미, 감동, 교훈 다 있는 영화.평점 믿고 해빙보려다가 재심봤는데역시 보길 잘했음정우 강하늘 둘 다 연기 너무 잘하고특히 정우 진짜 역할에 200프로 몰입한 느낌!또보고싶을 정도로 잼썼음  "
20170309,7,액션이나 ..추격씬은 영화 몰입을 조금 방해...감동은  있다...이성적이지 않고 ..감성적인...변호인을 다시 보게 해준 영화~  
20170309,9,관람객배우들의 연기가 정말 좋았습니다  
20170309,10,관람객역쉬쓰레기와 도롱뇽!!!  
20170309,10,재심처럼 통쾌한 결과를 기대하며  대한민국 파이팅 !! 배우들 연기 너무 좋았고 실제 모델인 박준영 변호사님 감사합니다.  
20170309,10,의미있는 영화였습니다ㅠㅠ  
20170308,4,관람객Ghhjnbhhccfhjn  
20170308,8,정의로운 대한민국을 꿈꾸며  
20170308,10,정말 최고의 영화입니다 꼭보세요  
20170308,10,관람객재미있고 슬프고 재미있고 슬프고 그렇습니다  
20170308,8,관람객재미있었어요 기회가된다면 또 보고싶네요  
20170308,10,관람객감동실화귣국너무 재미있게봣어요  
20170308,9,관람객웃다가 울다가 분노하다가.. 결국 희열과 전율을 느끼는!특히나 정우와 김해숙의 연기가 가슴 절절했다. 우리 사회가 약자가 살기 좋은 징의로운 나라였으면ㅠㅠ 암튼 정우 멋지다♡  
20170308,9,그냥 시간이 맞아 별 기대없이 들어갔다가 감동받고 나왔네요....엔딩을 알고 보는 데도 재밌는 영화였습니다.  정우의 연기에 완전 반해버린 영화이기도 합니다.^^재판장면이 없어 조금 아쉽긴 했어요...(요건 개인취향)ㅋ  
20170308,8,관람객실화를 극화한 영화여서 더 집중할 수 있었고 배우들 연기도 좋아요.  
20170308,9,관람객내용을 알고 봐도  훌륭한 연기 때문에 너무 재밋게 봤습니다 ㅎ 극장서 내리기전에 얼릉 봤습니다 ㅎ 굿  
20170308,9,관람객10년전이나지금이나부끄러운우리나라의사법부의모습은정말뜯어고쳐야할우리나라미래에큰과제일것입니다.이런영화가많이만들어져이사회에큰경종을일으켯으면 좋을것같네요  
20170308,10,배우들의 연기력에 몰입도가 높아서 시간가는 줄 몰랐습니다  
20170308,10,관람객기대했던것 보다  훨씬  재미  있었어요  
20170308,10,영화보는내내 대한민국에게 분노하게 되고 눈물훔치면서 봤네요ㅠㅠㅠㅠ 추천합니당 꼭 보세요  
20170308,9,관람객두배우의연기가 돋보이고 실화라서 소름  
20170308,10,감동과 교훈 두가지가 다 있다  
20170308,10,관람객이런영화를 많아봐야 우리나라가 좋게 바뀔것같습니다.  
20170308,2,관람객뻔함뻔하고진짜재미없ㅇ  
20170308,5,관람객음 여자친구랑 봤는데 그저그래여..  
20170308,6,관람객쏘쏘였네요 전체적으로 평범한신파  
20170308,10,볼만한 영화 봐야하는영화  
20170308,9,관람객강하늘연기..좋았습니다  
20170308,10,관람객어둠고 우울할까봐 예매하고 후회했는데 두시간 동안오만감정을 느낌 하  
20170308,9,관람객특별한배우진인듯한진지하고유쾌한영화~잼난구석이있어더욱잘봤습니다  
20170308,8,관람객화가 나고 슬프고 뉘우치는 영화였습니다  
20170308,10,관람객너무재미있게봤습니다그사건을 다시 되새기게되어 보게되네요결말이 비극이아니라 참 다행이구요만족합니다 너무잘봤ㅇ니요  
20170308,9,관람객올해본 영화중 가장 괜찮은것같다 배우들의 연기력 스토리 굳~~~  
20170308,8,관람객강하늘의 망가진연기 양아치연기가 돋보였다!!실화를 바탕으로 한 영화라그런지 더 감정몰입이 잘됐던것같다!!못된형사놈때문에 욕이 막 나올뻔..옆에 남친만없었다면 한바가지퍼부어줬을텐데!!  
20170308,9,관람객재밌었지만 끝이 좀 허무했던게 아쉽...  
20170308,10,연기쩐다. 정의는살아있다  
20170308,10,영화보고 잘울지않는편인데 얼마나 답답하고 억울했을까요 영화 중반부터 계속 눈물이흘렀습니다..  
20170308,5,개연성 부족. 긴장감 없음. 강하늘의 희생만 남은영화  
20170308,9,관람객갑자기 훅 갔지만 여운이 남는  
20170308,8,관람객초반에 약간 지겨울뻔하다 초중반후부터는 재미집니다.저도 언제 이와같은 일을 당할지 ..ㅠㅠ집에 일찍일찍 다녀야해요!!!  
20170308,8,재심인데 재심하는 내용은 없음 ㅠ 고구마 백게 먹다가 사이다 먹으려는데 끝난거 같아서 좀 아쉬움...ㅠㅠ재판내용나오길 기대하신분은 알고가시길ㅋ 재미는 있었어요!  
20170308,8,관람객강하늘의 연기가ㄷㄷ..막 감동적이진 않지만 느끼는게 많음  
20170308,10,관람객너무 재미있엇습니다 굿잡  
20170308,6,관람객배우들의 탄탄한연기...하지만 갑작스럽게 템포가 빨라지는 스토리전개가 아쉬운.  
20170308,9,잘 알려진 소재여서 지루해질 수 있는 것을탄탄한 연기력이 뒷받침해 주네요  
20170308,9,관람객예상하지 못했던 전개!! 보는내내 재밌고 연기력도 최고!!^^  
20170308,10,관람객진짜 너무 감동적이였다 가슴이 뭉클했다가슴이 따뜻해졌다이런 법조인들이 많이 생겨났음좋겠다  
20170308,6,영화 이름은 재심인데 재심하는내용은없고 재심을이끌어내기위한 과정만 나올뿐... 사실 그알보는개더잼있음  
20170308,5,관람객잘봤습니다... 정우씨 연기가 다시 보이네요...  
20170308,8,관람객꼭 보세요 한국영화 화이팅~~!!  
20170308,4,관람객시간이 아까워서 돈이 아깝다는 생각이 들지 않았음.  
20170308,10,명연기... 보는 내내 답답하고 울컥했음ㅜㅜㅜ  
20170308,9,관람객정우와 강하늘의 훌륭한 연기에 정말 집중해서 본 영화입니다. 이런 사건이 두 번은 없었으면 좋겠습니다.  
20170308,8,재밌는데 내용이 갑자기 뚝뚝 끊어져요 그래서 뭐지? 뭐지? 하면서 보게되는거 같아요  
20170308,9,관람객강하늘 정우 연기 최고예요 형사 너무 비열해요ㅠㅠㅠ!!! 너무 재미있게 봤습니다  
20170308,7,"관람객스토리에 비해 시나리오가 좀 구성상 약하지만, 좋은 영화입니다.  "
20170308,10,오랜만에 좋은영화 본듯 합니다 그것이알고싶다 방송보고 영화로 보니 더 공감가고 억울한 누명은 벗어나서 정말 다행입니다! 아직 우리나라 해결하지 못한사건 필리핀 김성곤 사건 그것도 해결좀 했으면 좋겟습니다  
20170308,10,관람객영화보고 엄청 운듯 서민을 위한 변호사 우리나라에 이런변호사가 많았으면 좋겠다 진한 감동 받았다ㅎ  
20170308,8,관람객재심 화이팅 재밌어요!!  
20170308,10,정말  연기가 너무좋았어요  억울한 누명은 없어야 되겠죠 그러나 현실은 정말다르더군요  지금 민사소송중인데  사법부가 썩었어요  대구 고등법원에서 진실을  왜곡 당하던군요 억울한건 없어야 되던데  사법부조차  
20170308,10,무조건 보세요.... 안보면 화냄  
20170308,7,관람객좋앟습니다만 실화를 알았다면 좋았을듯요  
20170308,1,실화 등에 업고 독립영화인척 장한척 하면서 실은 진짜 작은영화들 설자리 잡아먹는 거대자본의 상업영화. 근데 심지어 극심하게 진부하다.  
20170308,10,심야영화로 봤는데 심야라 사람이 별로 없던데 아쉬웠음 이런 부패한 곳에서 비리가 있는데 정작 별로 없다는게 그랬음 내용이나 연기 모두 좋고 훌륭했음 시간 가는 줄 몰랐음  
20170308,8,관람객기대 이상으로 충분히 재밌고 멋있었다  
20170307,10,관람객재밋었습니다. 그것이 알고싶다를 통해 알게된 이야기였는데 영화에 잘 표현해주셨네요배우분들의 연기도 박수쳐드리고 싶네요아쉬운 점이 있다면 마지막에 사건이 해결되면서 부패경찰들이 처벌받는 장면이 나왔으면 했는데 그 부분이 없어서 사이다는 없었네요!  
20170307,10,관람객재미있었다 감명깊다로 끝나지말고 보고 무언가 느끼는 사람들이 많았으면 하는 영화정우는 역시 멋지다  
20170307,10,관람객연기와 내용 모두다 멋졌습니다 ^^  
20170307,9,관람객감동적이고 너무 좋았습니다  
20170307,7,관람객마지막 재판까지했으면 더 좋았을텐데 ㅠㅠ  
20170307,8,관람객엄마 사랑합니다ㅜ.ㅜ.ㅜ.ㅜ  
20170307,8,연기 진짜 잘한다!!!  
20170307,10,재심강추 한번더보고싶다  
20170307,7,관람객배우들연기력은볼만해요  
20170307,9,관람객여러가지면으로 구성이 좋았습니다만은 판결이 나고 영화가 완성되었으면 영화보는 이들의 마음을 뻥뚫어주셨을 것 같습니다  
20170307,1,겁나재미없던데 다 별점이 후하네  
20170307,10,정말 최고의영화!! 너무 감동적이고 재미잇어서 2시간이 어떻게 가는지 몰랏슴니다  
20170307,10,관람객보는내내 부들부들!!! 분노!!  
20170307,10,관람객역시 잼잇습니다!ㅎㅎ  
20170307,5,관람객벨로.... 너무 진행이 후지다  
20170307,10,관람객대한민국의 현실을 보여주네요..안타깝습니다다시보고싶은영화  
20170307,10,최고의 영화!보는 내내 형사 ㅅㄲ들 죽이고싶었음돈이뭔지 권력이뭔지개떡같은 세상!  
20170307,10,관람객마지막 서로 대화하는...짠하네요...!  
20170307,9,관람객개 존잼이었어요 스릴있음 은근  
20170307,10,눈물남ㅠㅠ...!!  
20170307,10,연기 주제 연출 다 너무 좋았다.  
20170307,10,평점을 매길 수 없는 감동적인 영화.  
20170307,6,전주사는사람입니더 실제로 억울하게 누명쓴사람도 양아치였음 다방레지들 차배달하고 그랬음  
20170307,10,관람객좋아요 도 덕분에 좋은연기 봤습니다  
20170307,6,실화바탕이고 분명히 시사하는바가 있어 좋았습니다.  연출적인 감동은 부족한 건 사실이예요 ㅎㅎ  
20170307,8,관람객cj감성... 박준영변호ㄱ사멋있다  
20170307,9,"박뭐시기 평 ""의미는 뾰족, 감흥은 뭉툭""? 뭐 같은소리하네당신의 모든 평을 보고 느끼자면. 성격이 뾰족 감성은 뭉툭  "
20170307,9,눈물짜는 신파연기없이 담담하게 감동을 주는 근래 보기 림든 한국 영화. 정우의 연기 멋지다^^  
20170307,9,관람객이런일은 다시는 일어나지 않았으면  
20170307,9,사람답게 사는 것은 살인 누명 벗겨주는거다...명연기 명대사의 향연. 이 영화를 본 230여만명의 관객들이 승자.  
20170307,8,관람객슬프고 정말재판장면하나없이도  영화를이끌어나간게 좋음 그러나 마지막에 뭔가 나올듯하다 끝나서 아쉬움  
20170307,7,관람객이게 실화라니... 재심...대한민국 어렵네요  
20170307,10,꿀잼 변호인2 느낌이있긴함  
20170307,9,관람객지금 시국에 꼭 필요한 영화네요.윗사람들이 꼭 봤으면 하는 영화.이  영화 블랙리스트라 안보려나.정의로운 영화  
20170307,10,진짜 너무 슬프고 감동이였어요.  
20170307,8,관람객연기  잘하시내요 발봤습니다.  
20170307,9,관람객감동적이었습니다. 짱짱  
20170307,8,법정공방을 기대했지만  그런거 없이 충분히 재미는 있었다. 하지만 뭔가  조금은 부족한 느낌이  감동면에서도  재미면에서도  ...  
20170307,9,관람객연기만으로 이끌어가는 최고의 영화!!  
20170307,8,관람객음 실화라서 더 집중하게 되는것 같아요  
20170307,1,영화 이름이 재심인데 재심하는건 1도없네  
20170307,10,다른분들도 꼭 봤으면 하는 영화입니다잘봤습니다 ㅠㅠ  
20170307,10,관람객끝까지 봐라 재미있다 ㅠㅠ  
20170307,10,요즘 사회 문제점을 콕~집어 시기를 맞춰서 등장한 영화.배우들 몰입도 당연최고!!대한민국에 정의가 아직은 살아있다고 느끼고 싶게 만드는 작품이라 더더욱 공감이되고 또 믿고싶다‥아직은 그래도 법앞에 평등하다는것을‥ 그 누구나~~!!  
20170307,9,관람객변호인과 비슷하면서도 다름 둘다 명작  
20170307,8,관람객그것이 알고싶다에서 먼저 선행학습하고 봤는데 나름 재미있었어요 근데 끝이 약간 허무한감이 좀 있었습니다  
20170307,9,사건을 자체로서 아는데도 결말이 궁금해지는 영화.배우들 연기 참 좋았고 특히 정우씨 연기 연기보고 두 번 울었는데 다시 보고 싶네요.뻔한 장치들과 이런 류의 영화에서 보이는 흔한 내용이있었지만 다 용서가 되는 괜찮은 아니 썩 괜찮은 영화  
20170307,1,관람객개노잼임돈날림요~~  
20170306,1,관람객ㅗ어어으아ㅏ어아어어아어어ㅓ어엉  
20170306,7,관람객끝이너무허무...  
20170306,9,진짜재밌어요!!!! 연기도 너무좋고 몰입해서잘봤는데 대한민국 현실이참... 에휴  
20170306,8,관람객 배우들 연기가 너무 좋네요. 결말이 조금 아쉽기는 합니다.  
20170306,10,완전 잘봤어요우리나라 법이 이리 썩었죠!최순실 우병우 사례만 보더라도ㅠㅠ  
20170306,8,관람객배우분들 연기 잘하고 기대없이 관람해서 인지 볼만하네요  
20170306,9,관람객마지막이 조금 아쉽긴했지만너무 재미있게 잘봤던거같아요 :)  
20170306,10,영화잘만들었다감동먹었다  
20170306,9,관람객연기너무너무잘하고 보는내내 잘봤습니다  
20170306,10,정말 재밌게 봤습니다. 강하늘 배우 응원합니다!!  
20170306,7,관람객재미있었습니다.정의로운 사회구현  
20170306,7,관람객고구마먹은듯한 느낌이지만 재밌어요  
20170306,7,관람객좋은영화입니다 시간이 잘가요  
20170306,10,관람객입소문을 타는데는 이유가 있지요~ 몰입해서 보게 됐어요  
20170306,10,크.. 강하늘 정우 이동휘 3명 연기 좋았고  재심이 정말 무겁게 느껴지게 됨.  
20170306,10,관람객아주 감동적으로 보았습니다  
20170306,7,실화를 가지고 쓴거라 결말은 정해져있었지만 뭐나름 감동도있고 코믹도 있고 볼만했습니다.  
20170306,8,관람객잔잔한울림 우리사회가 늘 정의롭고 따뜻하길바랍니다  
20170306,6,"정우, 강하늘까지 좋았는데 이동휘....하.. 연기가 너무 아쉬웠음  "
20170306,10,재심 보고싶은데 주말인데도 하루에 상영 단 한번하더군요. 시간이 안맞아 대충 딴거보려다가 재심 너무 보고싶어서 기다려서 겨우봤어요. 해빙은 하루 7타임인데 재심은 하루1타임. ㅜㅜ 강하늘 연기 잘봤습니다 ~!  
20170306,9,관람객이런거 만들어봤자...우리나라는  아직도 후진국이라 속만 상하는것같아...열받아  
20170306,9,관람객정말 재미잇게 감상했음 ㅎ.ㅎ  
20170306,8,관람객굿 재밌게보았어요 ㅎㅎ  
20170306,9,"관람객스토리, 연기력 구웃...!  "
20170306,10,정우의 장난스러운 진지함에 몰입도 상승.  
20170306,10,관람객정우연기는 이미 아는데 진짜 강하늘 연기잘하더라.. 실화재구성이라 그렁가 진짜 안쓰럽고 답답한마음으오 엄청나게 집중해서 봤네여.. 마지막에 정우랑 강하늘 연기에서 울어버렸습니다 맴찢 ㅜㅜ  
20170306,8,관람객뒷부분이 에매하게 끝낫지만 교훈이 되엇던 영화 엿습니다  
20170306,10,관람객이런 아픈 일들이 더이상 일어나지 않아야할텐데요...현시국에 아주 적절한 영화인듯합니다.  
20170306,7,관람객정우와 강하늘의 연기가 돋보였다.  
20170306,10,관람객정우 연기 잘합니다..  
20170306,10,관람객재미잇어요 ㅋㅋㅋ 보세요 ㅋ  
20170306,10,연기도 잘하고. 내용도 좋고 잘봤습니다  
20170306,7,관람객끝이 허무했지만 정우랑 강하늘 연기는 최고였음 ㅋㅋㅋ  
20170306,10,관람객재미있네여 연기도잘하고  
20170306,8,관람객재밌게 잘봤어요 강렬하진 않지만 무난하게 잘볼수있는영화인거같아요  
20170306,9,"관람객연기도 잘하고, 영화도 잘 봤습니다.  "
20170306,6,잔잔한 감동. 답답한 진행  
20170306,10,관람객배우분즐  연기도  잘하시고  시간가는줄  모르고  봤습니다  
20170306,10,관람객무대인사가서봤는데 재밌었어요!  
20170306,9,관람객정우 연기 잘하네요재밌습니다  
20170306,8,관람객흠..왜 살인이났는지 모르겠는 아쉬움이..  
20170306,7,관람객재밌었습니다연기력들이 좋았어요내용은 변호인이랑 거의비슷  
20170306,9,시간 가는 줄 모르고 재밌게봤어요!다들 연기 너무 잘하셔서 감탄했습니다~  
20170306,10,재밌게봄 ㅎㅎ연기도 잘하고 굿굿  
20170306,8,http://m.ohmynews.com/NWS_Web/Mobile/Ten/report_last.aspx?atcd=A0002245145&srscd;=&CMPT;_CD=P0001 실제사건 관련기사 이거보고 더 열이받네요  
20170306,8,관람객실제사건을 모티브로 해서 더 슬프고 감동이었다  
20170306,10,관람객정말 너무 재밌었어요. 우리나라의 중심을 지키고 있는 법이 어떻게 이용하느냐에 따라 천차만별로 바뀐다는거에 다시 한번 놀라게된 영화였어요.  
20170306,10,영화 몰입도도 좋았고내용도 탄탄하고 연기력도너무 좋았습니다끝에 재심내용이 더 있었더라면좋았을 아쉬움이 조금남는그런영화인거같습니다  
20170306,10,관람객국산영화지만대단한다는 느낌  
20170306,10,이야기에 공감이되고배우들의 연기력이 일품입니다.  
20170306,9,관람객좋아요 아주좋아요 제일좋아요  
20170306,8,관람객마지막 결말이 좀 아쉽네요..뭔가 더나올줄알았는데  
20170306,10,관람객재밋네요 정우연기는 인정  
20170306,4,관람객마지막이 많이 아쉬웠다  
20170306,10,관람객재밌게 봤어요 볼만한 영화  
20170306,10,꼭  봐야하는 영화 배우가 멋있는영화  
20170306,6,"미국엔 메릴스트립, 한국엔 김해숙  "
20170306,9,관람객쟈미때 쟈미쏘 쨈ㅁ쟘ㅎㅎㅎ  
20170306,6,관람객킬링타임용으로도 딸리는 구성이네요  
20170306,10,말이필요없는영화 강추  
20170306,10,관람객잔잔하게감동도있고재미도있었씀다!!  
20170306,8,관람객정우와 강하늘의 연기는 역시 최고입니다.실화를 바탕으로 하여 각본해서 그런지 박진감 넘치는 스토리전개나 마무리는 다소 이쉬웠습니다.  
20170306,9,썩어 빠진 검찰과 경찰을 잘 보여주는 영화  
20170306,8,관람객주연들의 연기가 돋보이고 너무재밌어요!!!  
20170306,9,관람객작품 좋았습니다수고많으셨습니다  
20170306,9,관람객나름재미잇어요. 변호인이자꾸생각낫지만  굿잼  
20170306,8,관람객잘 보았습니다  흔한 스토리지만 주인공배역이나여러모로 지루하지않았습니다  
20170306,10,관람객보는내내 집중도도 높고 감정이입도 잘되게 배우들 연기도 장난아님!!! 실화라 정말 부들부들하면서 재밋게 봤어요~~!!!  
20170306,10,변호인이랑 비슷한데 검사외전보다 재밌음 여러 검찰악역물주인공억울물 다 합쳐놓은 느낌이지만 연기도 다들 겁나 잘하고 친구들이랑 볼만함~  
20170306,8,경찰관이랑 검사랑 변호사친구랑 재판서는게 안나와서 아쉽다  
20170306,9,관람객재밋게잘봣습니다ㅎㅎ  
20170306,10,관람객캐릭터 잘뽑아서 재밌었네  
20170306,5,관람객엔딩이 좀...급하게 끝나는느낌이네용  
20170306,8,너무 몰입해서 한 숨 푹푹 쉬며 봤다  
20170306,10,관람객가족이랑보기좋은짠내나는영화  
20170306,4,관람객재미는 있으나 조금 지루한것 같아요  
20170305,7,관람객정우님 만세 강하늘님 만만세  
20170305,8,관람객어머니랑봤는데 기대이상으로 재밋네 나름 볼만했음.  
20170305,7,관람객응 무겁지도않고 그렇다고 한없이 가볍디고 않고 괜찮게봤다  
20170305,10,지금까지 본영화중 최고~~~ 너무 집중해서 슬픈 장면 조차 울다 못볼까봐 본영화 마지막 끝에는 머리부터 발 끝까지 전률이~~ 최고 입니다. 강하늘짱  
20170305,7,평점 낮게준분들 봐라.. 이건 실환데 아침마당 재방송 보면 그런얘기 안나온다... 니들이면 이거 재심으로 성공해서 영화화 까지 할 수 있을정도로 재판 성공하고 억울함 풀어주고 이런 세상에서 살아남을 수 있냐... 안봐서 일단 7점 줌  
20170305,8,관람객실화를 바탕으로 해서인지 몰입도는 좋았네요  
20170305,9,관람객가슴이 뭉클해지는 .. 깊은 영감을 준다 .. 법치주의 국가에서 실현되야 할 목적을 보여주는 영화  
20170305,6,"뻔한 전개, 연기로 살렸음  "
20170305,9,관람객기대안하고 봤는데너무 재밌게 봤습니다.  
20170305,10,배우라는 직업에 또한번 감탄하고 갑니다.억울한 상황들과 여러일들을 또한번 진실되게 알려주셔서 감사합니다.  
20170305,10,관람객죽임작살꼭봐세요~~~  
20170305,10,관람객재밌기 잘 봤습니다!!!  
20170305,7,강하늘씨 연기 너무 좋았어요  
20170305,10,관람객토마ㅓ나무아부라바뉴어자쥬류ㅓ라나  
20170305,9,관람객꼭봅시다모두모두!!  
20170305,9,관람객굿 뭉클한 영화네요 ~ 따뜻함을 느끼고 왔어요  
20170305,10,관람객연기자들이 너무 연기도 잘하고  너무 재미 있다  
20170305,10,관람객눈물나는 영화..펑펑 울었던기억이 나네요  
20170305,10,관람객정우 연기에 놀랐습니다!!  
20170305,10,최근본영화중가장인상깊게봄ㆍ  
20170305,10,관람객정의가 반드시 승리하는....  
20170305,9,주연조연할것없이 연기력에몰입할수밖에없고 중간중간 던지는메세지는 굉장히울컥! 16년전이면2천년대촌데 익산에 무법천지 이런깡패호로견찰들이있었다는게경악스럽고 법조인이라불릴수없는쓰레기들! 조폭을잡는게아니라 약자를괴롭히는조폭견찰들은 대한민국에발부치지못하게해야!  
20170305,8,관람객잘봤지만 가슴이 먹먹해지네요! 억울한사람이 없는 정의로운사회 가 구현됐으면 합니다! 한국영화 굿!!!  
20170305,10,관람객아조좋아요  좋아요 꿀잼  
20170305,9,관람객기대햇던것보다 훨씬재밋엇어요 굿 정우마지막에 개머싯  
20170305,10,관람객감동이애요감동이애요  
20170305,7,관람객하늘이랑 정우의 연기력이 돋보였네요  
20170305,10,관람객굉장히 울컥하게 만듬..  
20170305,9,관람객더이상 이런 억울한 사람이 없기를..  
20170305,10,억울함없는 세상을 꿈꾸며  
20170305,10,"관람객잘봤습니다 호불호가 갈려 걱정이 많았는데, 보길 잘한거같아요  "
20170305,8,관람객마지막 재판까지 영화로 만드러줫으면 ㅜㅜ  
20170305,5,관람객나름재밌게봤어요~~  
20170305,8,관람객그냥 볼만해요적극추천  
20170305,9,관람객조아요조아요조아요조아요  
20170305,10,관람객아주질봤어여.    굿굿굿규슈  
20170305,9,관람객영화 감동적으로 잘봤어요!  
20170305,10,관람객재밌었네요 추천합니다  
20170305,9,관람객실화라 더 잼나게  봤어요  
20170305,7,관람객뻔한 내용임. 별로 감동적이지 않음  
20170305,8,관람객재밌어요 사둘러 보시길 ㅋㅋ  
20170305,10,관람객ㅠㅠ억울함이 풀려서다행  
20170305,9,관람객재밌어요 ㅎㅎ 볼만합니다  
20170305,9,관람객정우연기가일품이다.  
20170305,7,관람객배우 연기는 좋고 다 좋지만..! 스토리가 아쉬웠습니다.  
20170305,1,나만 지루한거임???  
20170305,7,관람객반전에 대한 긴장감이 별로 느껴지지 않았네요ㅠㅠ 워낙 극장이 어수선해서ㅠㅠ 다시 돈보고 본다면 dvd방 가서 볼게요. 극장안녕~  
20170305,10,정우가 이제.. 배우 티가 좀 나네..  
20170305,7,관람객재밌었어요 큮 큭큭 너뮤너무너무  
20170305,9,관람객마음이 아픈영화입니다.  
20170305,10,보면서 많은걸 느끼다 가요..이런일 사실상 잘몰랐지만무죄 판단이여서 정말 다행히라고 생각합니다..영화 잘 만들었어요마지막이 조금 아쉽긴해도 영화 좋았어요ㅎㅎ배우분들 연기 잘 보다 갑니다!이런 영화 앞으로도 해줬으면 좋겠어요  
20170305,8,관람객중반까지는 재밌었는데 재판장면이 안나오고 글로 마무리짓는것이 쫌. . ㅠㅠ  
20170305,10,관람객배우들의 연기가 일품이었습니다~~별점은 여자친구랑 봐서 만점  
20170305,10,신파극일줄 알고 별기대 안하고 봤는데적당히 치고 빠지고 전달할거 명확하게 전달하고.  깔끔하게 잘 만들어진 듯 함.  연출하시는분이 대단하신거 같다올해본영화중 최고!!!  
20170305,10,감동과 재미를 다 가지고 있네요. 생각보다 암울하지 않아서 좋았어요.  
20170305,9,관람객배우들의 쏙 빠져서 봤네요  
20170305,7,생각보단 단순한 느낌입니다.  
20170305,9,관람객재밌습니다 꼭 보세용!!~  
20170305,9,관람객진짜진짜 느껴지는게 많고 재밌게 잘봤어요ㅋㅋ  
20170305,9,관람객실화를 바탕 했다는 점에서 영화내 가슴이 답답하고 이게세상이고 현실이란건가;  진짜 정의는 권력과 돈 앞에서 자연스럽게 묵인되는가 눈물이 핑~배우들의 연기력도 굳이 말이 나올정도는 아닌거 같다는게  개인적 생각입니다요^^;관람객평 처음 써봄ㅋㅋ  
20170305,7,관람객다큐멘터리로 굉장히 흥미롭게 본작품이라 기대가 컸는데기대했던 재심에서의 법리싸움보다 휴머니즘에 집중된 작품이라아쉬움이 느껴지네요원작 그것이 알고싶다 보다 긴 상영시간이라  좀더 디테일한 사건의 재구성을 기대했었는데 ㅜㅜ  
20170305,10,솔직히 기대없이 봤던 영화인데 정말 재미있게 보고 왔습니다. 특히 강하늘과 정우의 연기는 마치 내가 그 상황을 겪는 것처럼 느껴졌네요.  
20170305,8,관람객재미있었어요 다시보고싶네요  
20170305,8,관람객다소아쉬운감이있지만 잘봤습니다  
20170305,5,관람객그것이 알고 싶다 보면 될듯  
20170305,5,관람객슬프고 슬픔 ...맘이 너무 아믐  
20170305,10,네이버 평점 처음줫어요  
20170305,8,관람객나름 볼만함 연기잘함 ㅎㅎ  
20170305,8,관람객뭔가아쉽지만 볼만했어요  
20170305,8,관람객재밌게 봤어요..아이들이랑 같이 보기에도 괜찮고..  
20170305,10,관람객강하늘씨 연기 잘하시네요 잘봤습니다  
20170305,10,진짜 배우들의 명연기와 지금 시기에 맞는영화 !진짜 여기에 나오는 정우같은 변호사만 있다면 좋겠다..강자와 약자의 모습이 눈에 보이게 나타납니다지금 시기에 맞는것 같네요..!!정말 추천드립니다  
20170305,8,관람객마무리긴조금아쉬웠으나 전체적인내용은 좋았습니다  
20170305,8,관람객정우의 연기 좋았고실화라니 참 어의없었지만정의란게 뭔지 보여주는 영화  
20170305,10,관람객정우 연기 역시..재밌네요ㅎㅎㅎ  
20170305,10,관람객너와 함께여서 재밌었다  
20170305,10,관람객정우와 강하늘..연기도 잘하고 멋지네요 오랜만에 재미있게 영화 봤습니다  
20170305,8,"전혀 기대 안하고 봐서인지 재밌게 봣고, 고향인 익산 이야기라 더 재미있게 봤네요....정우와 강하늘 연기 아주 물이 올랐습니다. ㅎㅎ 좀 더 쳐서 8점 줍니다~  "
20170305,8,관람객아이와 함께 보았는데 자극적인 장면도 있었지만 실화를바탕으로 한내용이라 잘 봤습니다.다만 자리지정을 할수 없어 자동으로 선택된점이 불편하네요~  
20170305,9,관람객재밋긴한데 시간이넘길다  
20170305,10,변호인 이랑 비교하지마라 어디서  
20170305,9,"법정 장면으로 재심 하는 이야기를 넣기보단, 인물에 포커스를 맞춰, 실제 피해를 입은  사람의 고통과 심경을 잘 녹여낸 작품 같습니다.  '억울 한 당신의 마음을 잘 알고 있습니다..'라고 표현 해주는듯한 작품이었어요.  "
20170305,8,관람객실화라고해서 집중해서 봤어요두 배우의 연기력에 감동!!  
20170305,10,진짜 배우들 연기도 영화 내용도 모든게 좋았다. 생각이 많아지는 영화ㅠㅠ 가슴 먹먹했지만 너무 좋았다..  
20170305,8,관람객다좋은데 재판장면이 없어서 아쉽  
20170305,4,이때까지 많이 봐왔던 뻔한 스토리  
20170305,9,관람객연기때문에 정말 보는동안 집중할수있는 영화  
20170305,10,관람객연기도좋앗고 앤딩도 깔끔하고！！  
20170305,8,관람객끝마무리가 아쉽지만 몰입감있음.  
20170305,7,"내용은 좋지만, 어디서 많이 본 전개  "
20170305,6,고구마만 먹다가 사이다는 못 마시고 나온 느낌...  
20170305,9,관람객실화를 바탕으로 만들어서 그런지아주 재미있게 잘봤네요  
20170305,6,실화에 기반을 두었지만 연출과정에서 인물들을 극적으로 표현하기위해  억지로 넣은듯한 설정과 그로인해 왓다갓다하는 감정선 그리고 그것들에 전개에 다소 설득력이 떨어져 공감하기 힘들었습니다  
20170305,10,정말재미있어여 연기가진짜빠저들겠어여  
20170305,10,"꼭 봐야할 영화이고 이 사건은 우리가 꼭 기억해야할 사건이며, 되풀이되선 안되는 일입니다!  "
20170305,7,관람객기대보단 못미친영화~~  
20170305,10,실제로 있었던 얘기라 더 감동적이고 경찰들은 보는동안 욕만나옴  
20170305,10,말이필요없습니다.꼭보세요.  
20170305,9,배우들이 잘 살린 영화! 현실은 더욱 가슴아프고..  
20170305,8,관람객잘보고갑니다.재미있어서요  
20170305,10,관람객연기력이 굳굳!!!!'  
20170305,8,관람객변호인의 느낌이 강했다  
20170305,7,관람객공정하고 객관적인 형사사건수사와 공판의 중요성을 새삼 깨달았습니다 그리고 인권의 의미에 대해 새겨볼 수 있는 귀한 시간이었습니다  
20170305,10,관람객짱짱재밌게봣오욤 명연기 크  
20170305,10,관람객심오하다. 무섭다. 두렵다  
20170305,10,관람객법과 원칙과 상식이 통하는 세상을 위한 영화  
20170305,10,"관람객방금 어머니 모시고, 조조로 보고 왔는데, 배우들 연기가... 정말 끝장납니다.. 그 악역형사 역은 정말.. 부들부들했고.. 마지막도 개운한 결말이라서 더 좋았고요 다만, 옆에 앉은 아저씨가 의자에 발 올리면서 보던 것만 빼면 최고였습니다.  "
20170305,10,관람객기대안하고봤는데 생각보다 엄청 재밌네요ㅎㅎ  
20170305,10,관람객몇번 울었음 ㅋㅋㅋ 정우 잘함  
20170305,10,관람객재밌어요!! 마무리가 너무아쉽  
20170305,10,꼭 보세요진짜   정의로운 사회가 됐으면~~  
20170305,10,변호인같은영화....또다른감동...진실을밝히기위한투쟁...  
20170305,10,관람객재미가있어었었었어요  
20170305,8,관람객너무 슬퍼여.. 보는내내 고구마 왕창먹은느낌..  
20170305,10,관람객직업의식을 깨워주는 영화.  
20170305,9,관람객영화를 보고 그알을 다시 봤다  
20170305,10,관람객정말재밌습니다! 쵝오에요!  
20170305,9,관람객여운이 좀 남는 영화네요 ㅎ  
20170305,10,관람객마음이따뜻해집니다ㅜㅜ  
20170305,10,관람객연기감동최고과하지도 않고적당  
20170305,10,관람객가족들이랑즐겁게봤습니다  
20170305,10,관람객완전재밌어용이정재넘멋있어요  
20170305,9,관람객보는내내 현재 우리현실을 너무 잘 대변한것같아..너무 답답했다ㅠㅠ  
20170305,8,슬픈 부분을 억지로 길게 끈 느낌? 칼 들고 찌르려는 장면에서 많이 길었음. 그러한 장면을 줄였으면 재판 장면도 나올 수 있었는데 살짝 아쉬운 건 당연한 것 같음. 그래도 그런 부분을 빼면 연기도 좋고 다 좋은 영화였음.  
20170305,10,관람객재밋고 시간가는줄몰ㄹㄱ?ㅆ네요  
20170305,8,관람객마무리가 아쉽지만 재밌게 잘 봤습니다. 추천!  
20170305,8,관람객배우들 연기도좋았구영화내용도 좋았어요.  
20170305,10,"관람객영화전개내용은 재미 있었으나,  엔딩부분이  좀더 창작이 가미되어  해피엔딩이었다면  하는 아쉬움있어요.  "
20170305,9,관람객개인적으로 화나고 흥미진지했음!!또볼 의양있음!!!  
20170305,8,"관람객참 법에 대한 의미를 다시 생각해보게 해줌 ,,,한국영화는 욕이 넘. 마니 나오는게 좀 아쉬움,,  "
20170305,7,관람객요즘같은 어수선한 시기에정의가 살아있는 멋진영화~~  
20170305,9,관람객정의란 무엇인가 생각하게하는 영화  
20170305,8,초반에는 살짝 지루한 감이 없지 않아 있었는데 후반으로 갈 수록 재밌었음 변호인 뒤를 이을만큼은 아닌 것 같지만 시간 남을 때 보기 무난하게 괜찮은 영화  
20170305,10,한번 보세요. 두번 보세요. 세번 보세요.최근 본 영화 중 가장 인상깊고 강하늘 연기에 감동받아 갑니다ㅠㅠㅠ  
20170305,9,사건을 재구성한듯 잘 다루었다. 뜻깊이 생각하게만든... 슬프고 아픈 작품이다.  
20170305,10,관람객슬프고 감명깊게 봤습니다 명작인듯  
20170305,9,관람객정우 눈물연기 슬펐어~~  
20170305,9,관람객너무 과하지도 않은 스토리에 잔잔한 감동이..억울한 누명을 쓴 주인공과 가족들에 마음이 얼마나 힘들었을지 맘이 짠한 영화였습니다!강하늘 연기 좋내요^^  
20170305,6,관람객마무리가 좀 아쉬웟음 ㅜㅜ... 지루하기도 하고ㅜ 기대이하엿음 ㅜ  
20170305,8,관람객연기력은좋았으나 마지막이 조금아쉬웠음  
20170305,4,관람객영화의 마무리가 굉장히 아쉽습니다 . 최소 변호인의 유창한 변론을 기대했는데 그거는 커녕 재판 장면 조차 손에 꼽습니다  
20170305,7,관람객재재재미미미잇잇잇음  
20170305,9,관람객실화라고하니 더 안따까운 맘으로 봤네요 잃어버린 시간은 누가 보상을해주나요 좋은 결말이지만 맘이 아팠네요  
20170305,9,관람객실화라고하니 더 안따까운 맘으로 봤네요 잃어버린 시간은 누가 보상을해주나요 좋은 결말이지만 맘이 아팠네요  
20170305,10,관람객최곱니다..정우 연기 ㅠㅠ  
20170305,9,관람객재밌어요~법알못이라 걱정했는데 기대 이상이네요~  
20170305,10,명연기 대박 정말 재미있었다 감동반 재미반 코미디 한숟갈정도 이다  
20170305,9,관람객우리나라의 현실성이 드러나는 영화인것 같네요. 재밌었어요.  
20170305,8,관람객재밌게 잘 봤어요. 연기자분들 연기 다들 너무 좋았어요.  
20170305,7,관람객정말재미있었습니다정의로운 사회구현이란  측면에서 좋았습니다아직 이런 변호사가 우리 사회에 있다는것 자랑스럽습니다  
20170305,8,관람객재미있음ㅇ캬  안슬픔ㅋㅋ  
20170305,8,관람객배우들의 연기가 쉴틈을 안주는 영화  
20170305,10,강하늘.. 아직 30이 안된 나이라는게 믿기지가 않는다. 연기 정말 잘한다.. / 보는내내 울 수 밖에 없었다.  
20170305,10,관람객현실이였다니  믿어지지가 않네요..ㅜㅜ  
20170305,9,과연 국민이 법 아래 평등할 수 있을까..그런 날이 오긴할까..많은 생각을 하게 하는 영화  
20170305,10,재판 장면까지 나왔다면 더 좋았을 것 같은데 재판 장면 없이도 잘 끝난 것 같다 오랜만에 엄청 몰입해서 봤던...  
20170305,1,거품이ㅣ 좀 꼈습니다.  
20170305,7,관람객재밌었다.. 결말이 허무하다  
20170305,10,억울하게 감옥에서 하루하루 보내는 사람들의 마음은 어떤것일지. 다시는 사법기관의 강압수사로 한 사람의 인생을 지옥으로 만들지 마시길.  
20170304,10,관람객굿갓굿갓굿갓굿굿갓갓갓  
20170304,10,관람객너무 재밌고 감동있게 잘봤어요  
20170304,10,관람객다행입니다 그리고 아직은 정의가살아있어 살만하네요배우들 연기 짱~~^^  
20170304,8,관람객뭔가 느껴지는게 많은 영화에요!!!  
20170304,10,실화를 영화로 잘풀어냈네요.. 연기도 완벽하구요.. 많은걸 생각하게 합니다..  
20170304,10,관람객솔직히 존잼입니다 ㅋㅋㅋ  
20170304,10,"많은 사람들이 봤으면 좋겠어요. 강하늘 정우 두배우 연기도 좋았고, 실화 바탕으로 한 내용이라 안타깝고 가슴에 많이 와닿았어요.  "
20170304,10,관람객강하늘님 연기 굿! 정우님 연기굿! 나머지분들도 굿굿  
20170304,7,관람객약간 아쉬웠던 영화였어요  
20170304,10,관람객굿이에요굿굿입니다요굿이구여  
20170304,10,관람객너무재밌어요....!조금 살짝지루하긴했지만 ㅎㅎ  
20170304,7,"관람객재미,감동 그어떤것도 느낄수 없었음..평범한 드라마 본 듯..ㅡ  "
20170304,9,관람객기대한것 이상입니다.  가슴뭉클하네요  
20170304,10,"이상과 현실의 괴리 속에서 고민하던 중 꾸준히 드물게라도 당연한 이치, 지금은 이상이라 불리는 것을 쫓는 사람이 되고 싶어지는 영화.  "
20170304,8,관람객많은 생각을 하게 해준 영화  
20170304,9,"관람객가슴 뭉클하고, 현 시대 공감할 수 있는 맘 아픈 이야기...  "
20170304,7,관람객똥싸고 안닦은 느낌...  
20170304,9,기대없이 시나리오도 모른 상태로 봤는데이런 사건이 실화라는게 놀랍고 분하며배우들의 명연기에 감탄했다 지인들에게 강력 추천하고픈 영화  
20170304,9,관람객펑펑 울었습니다 정우가 강하늘 안고 미안하다고 할때  
20170304,9,관람객마지막이 속이시원하면서도 현실이아쉬운영화였다  
20170304,9,관람객억지로 눈물 빼려는부분이아쉽. 배우들은 연기력이 참좋았다  
20170304,10,관람객사람의 변화와 재판까지의 과정이 너무 자연스럽고 재밌었습니다. 정의가 승리하는 사회가 당연하길 항상 기원합니다.  
20170304,8,관람객결말이아쉽지만 재밌습니다!  
20170304,8,관람객정우 강하늘 이동휘 역시 믿었습니다 최고입니다!!  
20170304,7,임팩트는없으나  끝까지 보게하는영화였다  
20170304,9,관람객재밋게봣당 역할이 어울렷던듯.뭔가 뭔줄모르겟는데 하나가아쉬웟당..뭐가가  
20170304,7,관람객재밌었다 근데 결말 허무  
20170304,9,정말 잘 만들었다. 너무 좋았다.  
20170304,10,관람객생각햇던거보다 너무 재미있게봤습니디ㅣ  
20170304,10,관람객앞으로 잘사셧으면 좋겟어요  
20170304,8,관람객재미있습니다 보세요 굿굿  
20170304,8,진짜 재미있고 집중 잘 되고 좋은데 마지막에 과정을 좀 보여줬으면 좋았을듯 하네요  
20170304,8,관람객배우들 연기 정말 잘합니다 우는연기는 조금 그랫지만여  
20170304,10,관람객잼따 잼따 히히히 헤헤 호호  
20170304,9,관람객러닝타임을 길게해서 마무리 했으면 더 좋았을듯해요 너무재밌게 봤어요 연기 완전 굳  
20170304,10,관람객실화라니까 더 와닿고 감동적인것 같다.. 아직 대한민국 살만 함  
20170304,8,내용 연기다좋았지만 끝이너무아쉽습니다  
20170304,5,관람객고구마만 캐다끝난듯 그닥  
20170304,9,관람객좋았어요 나름 재밌고 뻔하지만 좋았어요  
20170304,10,관람객연기 개소름이였어ㅎㅎ  
20170304,10,머릿속에 생각이 정리되는 확실한 영화..  
20170304,10,통쾌한 결말을 기대하지 말라는 평점을 보고 본 영화.마지막 장면을 보며 느낀 것은 이보다 시원한 결말은 없다는 것이다.  
20170304,10,관람객강하늘 연기 진짜 잘하네..보다가 놀랐네 .. 스물에서 이 순박한 고등학생 연기를 하다가 진짜 놀랐다 ㅎ 그리고 정우도 정말 연기 잘하더라 ㅎ 몰입하면서 영화봤당  
20170304,10,관람객재미있게 잘 보고 왔습니다  
20170304,9,관람객굿굿규ㅛ구ㅛ굿국굿.  
20170304,7,다시는 얼울한 시민이없어야 겠습니다  
20170304,8,관람객장말 재밋네여하하하ㅏ핳하하  
20170304,10,관람객실제였다는게 정말 화가났고 결말이 만족스러웠던 영화다  
20170304,9,관람객어머님와 같이 잘 보았습니다.  
20170304,8,관람객나름 재밌었어요 정우형님 연기 변신도 괜찮았구요. 근데 응답하라 이미지가 강해선지 관객들은 계속 웃음..  
20170304,10,관람객최근 봤던 영화 중 최고였어요!! 배우분들 연기도 너무 잘하셔서 집중이 잘 되었어요!  
20170304,9,배우들의 자연스러운 연기가 좋았다.  
20170304,6,관람객졸렸당..!!!ㅠㅠ  
20170304,10,관람객끝이좀 아쉽지만 볼만하네요  
20170304,9,관람객정말 재밋게봤습니다ㅎㅎ  
20170304,10,관람객재미잇고 느끼는게 많았습니다  
20170304,8,관람객재미있게 잘 봤습니다. 그런데 한편으로는 변호인 하고 비슷~ 한 느낌은 뭘까요?..^^  
20170304,7,관람객법정신의 비중이 아쉬워요.  
20170304,7,관람객조금 재밌었습니다!!!  
20170304,10,관람객너무재미나요^^* 두시간내내재밌었어요  
20170304,10,관람객재밌었어여! 오예오예  
20170304,1,강하늘은 역시 너무~ 느끼해  
20170304,10,관람객싫화라 보면서 너무 인타까웠어요배우들의 완벽한 연기를 보면서 완전몰입해서 시간가는줄 몰랐답니다  
20170304,10,관람객재밌게 잘 보았습니다  가족과 함께 즐겁게 볼수 있는 영화입니다  
20170304,7,관람객흠.. 연기가 아까울 정도로의 연출  
20170304,10,관람객정우♡♡ 지루한부분없이 감동도 있고 간만에 좋은영화봤네요~♡  
20170304,10,관람객정말 재미있게 봤습니다.  
20170304,10,관람객사법고시 보러 갑니다..ㅋㅋ 정우의 마지막 연기는 압권입니다 꼭보세요 여러분  
20170304,9,관람객배우들의 연기가 멋지네여~  
20170304,7,관람객나름 재미있었어요 마지막에 너무 좀지루했었지만..  
20170304,10,관람객잘봣다 보길잘햇다 시간금방간다  
20170304,10,관람객어머니가 너무 좋아하시네요 저도 재밌게봤는데 어머니 맘에도 들어서 더욱 재밌었습니다!  
20170304,10,연기들이.. 어후.!! 재밌어요  
20170304,5,관람객결말이 허무한거같아요. 동료변호사 법정세운다는 말도 안지켜졌고 재판결과를 글로만 보여주는 것도 그렇고  
20170304,8,관람객잘 봣어용~강하늘 연기짱~~!!  
20170304,10,관람객그것이알고싶다에서보고 관심있던 사건이였는 이렇게 영화로 보니 너무 좋았어요  배우분들 연기도 최고  
20170304,10,관람객너무너무너무재미잇게봣어요 또보고싶은영화  
20170304,10,관람객실화라서 더 안타깝고 먼가 모르게 찜찜한 영화였어요  
20170304,8,관람객중간지루했지만.재밌긴하네요  
20170304,8,관람객잘봣습니다어아어어어아아  
20170304,10,관람객재밌었어요 웃긴포인트도있고 감동도있어요  
20170304,10,관람객재밌게 잘본영화입니다 굿굿  
20170304,9,관람객재밌었지만 끝이 조금 아쉬웠던 영화.어떻게 해결하는지도 보여줬으면 더 좋았을텐데  
20170304,9,관람객연기력 좋았어요ㅡ특히 악역연기가 너무 좋아서 주인공들을 더 빛내주지 않았나 싶네요  
20170304,8,관람객재밌고 감동적인 영화였습니다  
20170304,8,관람객꾸르잼기대이상이였어용  
20170304,10,실화라서더감동입니다^^  최근본영화중 최고  
20170304,9,관람객재밋엇어요 강하늘연기장난아님ㅋ 정우 서울말 잘 못함..  
20170304,10,당시 사건과 관련된 검사는 법의 처벌을 받아야 한다  
20170304,8,관람객교훈이 되는 영화였습니다  
20170304,7,관람객변호인다시보는 느낌이라 그냥 그랬어요  
20170304,9,재밌었습니다 ㅇㅅㅇ 진짜 볼만한듯. 특히 마지막에 재판장면으로 보여주지 않아서 더 좋았습니다. 재판장면을 보여줬다면 진짜 진부한 법리다툼싸움같은게 될뻔...  
20170304,7,관람객다좋았는데 결말이 심심했다  
20170304,8,관람객보다보면 한없이 빠져들어가는 재미있는 영황입니다  
20170304,10,관람객우왕 굳 재밋어여 ㅋㅋㅋㅋ  
20170304,10,강하늘씨의 연기는 믿고보는 으헤헿  
20170304,9,관람객재밌네여 관심있는 영화...  
20170304,9,관람객우리 사회를 보여주는 영화! 법은 국민을 지키기위해 존재해야한다ㅜㅜ  
20170304,9,"지난 꿈인 검사를 다시 되찾게 해준 영화, 감사합니다.  "
20170304,8,그럭저럭볼만함마무리가아쉽다  
20170304,5,억지스러운 내용전개에 되도않는 억지감동 에휴 평점낚시제대로당햇다 몰입도도 떨어지고 딱 이정도평점이적당하다 감독이 영화를 너무못만듬  
20170304,10,꼭 보고 관심가져야할 영화  
20170304,9,관람객연기자들 연기가 정말 좋고 내용도 처음엔 뻔한 유치한 내용일거라 생각했는데 몰입감 있게 잘 보았어요  
20170304,9,배우들 연기가 인상적입니다 캐스팅도 신의 한 수네요사이다는 없어도 고구마같지만은 않습니다 보길잘했다 싶은영화네요^^  
20170304,10,관람객재밋어요재밋어요재밋어요  
20170304,10,관람객오랜만에 재미있는 영화봤어요  
20170304,6,"똥을싸고 똥을 안닦은 기분이라고 할까요? 중간까지 볼만하고 나름 볼만했습니다 근데 약간 마지막이 결론이 너무 허무하네요...영화를 마무리를 할려면 영화내용 사건은 다끝내고 마무리해야되는거 아닙니까? 진짜 허무하네요,,ㅋ  "
20170304,10,관람객너무너무 재미있고 훈훈한 내용의 영화였습니더  
20170304,9,관람객재미있게 봤습니다. 추천합니다.  
20170304,10,"관람객완전진지~-뒤늦게 밝혀지는 사건의 진실~~~딱! 이 시기에 맞는,,,  "
20170304,10,"힘에 짓밟혀진 진실이 오랜 고통후에 제자리를 찾는것. 가늠하기 힘든 당사자와 가족이 받았을 고통을 끌어안고 싸워준 한사람이 있어 참 다행이다. 무거운 주제임에도 사이사이 웃음도 있고 배우들의 연기도 좋은, 어른들이 더 많이 보았으면 하는 영화.  "
20170304,9,관람객억울한 누명을 쓴 한소년..그럴수도 있는 세상이구나~우리가 모른는 일들이 많이있구나~ 강하늘 살뺐나봐요  
20170304,9,관람객진짜진짜루재밌어요용  
20170304,9,관람객연기도 좋고 재밌었어요  
20170304,8,관람객우리나라의 현실을 직감적으로느낄수있었습니다.  
20170304,10,재밌게 잘봤습니다. 연기 다들 잘해요.  
20170304,9,관람객재미이있었습니다! 뭔사 통쾌!  
20170304,4,"관람객뻔한스토리,감동도적었던영화  "
20170304,8,관람객나쁘지않음 강하늘의 연기는 정말 짱 김혜숙 선생님도 언제나 짱  
20170304,10,관람객이 영화 진심 추천!!!! 몰입도가...!!  
20170304,4,재심의가 필요한 영화...  
20170304,10,관람객너무 재밌었고 감동이였어요!!ㅜㅜ  
20170304,9,관람객그 럳 저 럭 봐 쑵 니 다 키티치피 ㅎㅎㅎ  
20170304,10,다들 연기가 오지네요가슴 먹먹한 영화입니다실제사건에도 관심 가지게 되었네요좋으신 분들이 더 많기때문에 세상이 조금씩 바뀌겠죠  
20170304,9,관람객변호사님의 노고에 감사드리며 영화감동있게 보았습니다  
20170304,9,관람객실화라는거에 화나고 뭉클하고 볼만햇어요  
20170304,8,관람객마지막에 반전이있을거같았는데 끝나바렷음  
20170304,9,관람객연기와 스토리모두 좋았어요  
20170304,10,관람객스토리구서미아주좋음여  
20170304,5,관람객심야에 봐서 그런가 내용전개가 다소 아쉽네요...  
20170304,1,하늘이는 욕이안어울리는구나  
20170304,10,내 인생 최고의 한국영화. 감독 배우 모두 진심을 전하기 위해 노력한 흔적이 느껴집니다.  
20170304,10,너무감동적인영화 명연기네요  
20170304,10,영화를 보며 내내 맘이 복잡했습니다. 이렇게 권력에 의해 희생된 사람이 이 사람 한명 뿐일까?  그래도 박준영변호사 같은 분이 있어 정의는 살아있다는 희망을 안고 영화관을 나왔습니다.  
20170304,10,관람객재밌게봣습니다 감동적이에요  
20170304,6,관람객몰입도는. 없엇던거 같아요. 재밋긴 햇는데 조금 아쉬웟어요 ㅡ ㅡ  
20170304,9,관람객끝이 좀 허무하지만 재미있습니다  
20170304,1,관람객그냥 재심하는내용이다 크게다를것이없음ㅋㅋㅋ  
20170304,3,그냥 마음만 찝찝하고 재미도 없고. 고구마만 처먹이다가 보내네  
20170304,10,실화라니까 너무화나네 ;;;진짜 경찰왜저럼ㅋㅋㅋ허위진술은하면안돼는데 경찰이 폭력을써서 허위진술쓰는거  돌아이아니냐 ;너무짜증난다 대한민국이이정도밖에 안대는지 인제알았다 보면서너무울었네  
20170303,10,조아요 슬프기도하고 하나도 안지겹고 집중됐어요 !!  
20170303,9,관람객지극히 현실적인영화 !제일 가깝고도 먼 주제... 요즘시국에 무지 공감되는 영화  
20170303,10,짱!!!연기 대박!!  
20170303,10,관람객잔잔한감동~~지금 무죄가되었다는것에 다행이라~아니 당연했다는  
20170303,10,너무 재밌었어요 ㅜㅜ 연기짱 ! ㅠㅠㅠ한재영아저씨 해투서보다가 깜놀...  
20170303,9,관람객평이 괜찮아서 봤는데 배우들의 연기 좋았어요  
20170303,10,봐라.. 꼭 후회할수럾다  
20170303,6,지루했어요 결말도 아쉽고  
20170303,9,관람객역시 정우와 어머니역 김해숙씨 연기가 눈물나게 합니다...공권력의 옳치못한 뒷모습을 또 보게 됩니다...  
20170303,5,딱 조조 가격쯤 하는 영화인거 같다...  
20170303,9,관람객좋은영화잘봤습니다^^  
20170303,6,진정성과 작품에 공을 들인 것은 분명한데...뭔가 구성이..뭔가...이상하게 시간이 안가긴했습니다. 자꾸 시계를 봤지만 그럭저럭 최근 한국영화들 가운데는...괜찮았네요.ㅎ  
20170303,8,관람객결말이 너무아쉽....  
20170303,8,관람객재판전까지의 흐름은 좋았는데 재판하는거까지 나왔으면 더 좋은영화가 됬을것같습니다  
20170303,6,이 영화 보면서 우리나라에 딱맞았던 시국에 개봉한 영화가 아닌가 싶다...잘 봤어용..ㅎㅎ  
20170303,1,"문재인 시간 내서 봤던데..  니도 재심 받아야 하지 않냐. 노무현 측근놈들 비리 수사도중 노무현 죽어서 중단되었잖아.  부산저축은행, 바다이야기, 청와대 사초 빼내서 인터넷에 올리려던 것 등등.. 재심받을 사건이 너무 많다. 문재인씨~~~  "
20170303,10,관람객재밌어요 잘봤습니다.  
20170303,10,배우 분들의 연기가 정말 더할 나위없이 감명 깊었습니다. 좋은 영화 감사합니다.  
20170303,10,진짜 꼭 봐야 할 영화.ㅠ보는내내 가슴이 먹먹.ㅠ  
20170303,10,일단 연기가 너무좋아요 진짜 평점같은건 잘 안남기는데.. 요즘 제일 볼만하고 그냥볼거없어서 보는게아니라 내용이랑 연기가 몰입장난아니에요 전 저 개인적으로는 지루하지않았어요  
20170303,9,관람객감독과 배우 모든 제작진의 애정이 깃든 작품  
20170303,8,관람객재심 변호사 박준영 실화  
20170303,9,"관람객강하늘, 정우연기 다 좋았습니다  "
20170303,10,강하늘 연기는 점점 느네요.. 재심 정말 재밌게봤습니다  
20170303,10,관람객저는너무재미있었습니다.감정이입이될정도로..  
20170303,8,관람객박준영 변호사님의 노고를 생각해서 별점드림..변호인만큼만 완성도 있게 만들었으면 훨씬 더 많은 사람들에게 알릴수있었을텐데 아쉬움  
20170303,8,기대 안하고 봤는데 재미있네요. 시간가는줄 몰랐습니다.실화를 바탕으로 해서 그런지 더 몰입이 되더군요  
20170303,5,관람객결말이 아쉬웠어요 끝까지 못 본 느낌  
20170303,10,관람객정말  잼있어요?로건 창  
20170303,10,ㅜㅜ 눈물이..지금 대한민국에 필요한 영화라고봅니다  
20170303,6,부조리한 세상에 던지는 묵직하진 않지만 분위기있는 한방.  
20170303,10,관람객정말 감동적이였습니다  
20170303,10,재밌게 봤어요 매우~~^^  
20170303,8,관람객결말이 너무 아쉽다ㅠㅠㅠㅠ  
20170303,10,시간이 금방지나갑니다 배우들 연기가 정말 좋습니다 억울함이 없는 세상이 되길 바랍니다  
20170303,10,관람객대박11112222  
20170303,8,관람객볼만한 영화입니다. 연기력도 뛰어납니다  
20170303,7,관람객마지막 재판 과정을 볼 수 없어서 좀 아쉽네요  
20170303,6,관람객영화제목과 다른내용!! 좋아요  
20170303,6,관람객정우와 강하늘 연기만 보이는 영화 그중에 정우의 연기는 정말좋다  
20170303,10,너무잘봤어요 이런 영화 만들어주셔서 감사합니다.  
20170303,8,관람객보는내내 어쩜  저럴수 짜증 났다만약  재심이 받아 들어지지 않았다면 대한민국이 싫었을것 같다.  
20170303,10,관람객이 시대에 분노한다. 바꿀수 없음을..  
20170303,8,마무리가 좀 아쉽네요 ㅠㅠ  
20170303,10,관람객실제사건을  지루하지않게  짜여진 시나리오와주연 조연 배우분들의  훌륭한  연기가 돋보이는 좋은 작품이었습니다.  
20170303,10,배우들이 연기를 너무 잘합니다스토리도 지루하지않고요재미있어요 보세요 꼭 보세요!  
20170303,7,재미있었어요 실화가 아니였으면 뻔하다 생각했을것 같은데 실화라 대한민국이 저렇구나 하면 봤네요 정우 하늘이 연기 잘하는데 이동휘는 연기파인줄 알았는데 연기 넘 못함 충격  
20170303,10,관람객정말 연기력 하나는 탑클래스 인거 같아요. 연기력만으로 영화를 기본 평타이상!!!!아주 칭찬해입니다. ㅎㅎ 후회없는 영화였습니다. 아주 좋았어요  
20170303,10,관람객영화 정말 재밌게 봤습니다  
20170303,8,관람객영화 변호인을 다시 보는 느낌 강추!!  
20170303,10,답답하다고 cgv 표 창구 점원이 그러길래 볼까말까 고심하다 결국 돈아까워도 함 봐보자했죠..간만에 보는 영화여서 별기대않고 봤어요..근데~~~지루하긴커녕 정말 배우들 연기좋고 내용도 실화를 다루고있고 결국은 해피엔딩이라 돈과 시간이 아깝지않네요..  
20170303,10,관람객완전 감동적인 영화였습니다  
20170303,8,관람객볼만했어요! 정우 강하늘 이동휘 조합은 언제나 옳지!  
20170303,8,관람객라면을먹고 밥을말아먹을려하는데 밥이없는 느낌  
20170303,9,"배우들 연기 너무 좋았고, 재밌게 잘봤네요. 강하늘 이미지 반전  "
20170303,10,굿ㅠㅠ재밌어요 연기짱ㅠㅜ  
20170303,10,김해숙 선생님 연기력은..보때마다 무서울 정도로 연기를 잘하심..개인적으로 정우가 변호하는 장면 기대했는데 없어서 아쉽네요  
20170303,10,정우 연기가 물이올랐네요  
20170303,8,뻔한 스토리의 뻔한 결말이지만 실화라는게 ㄷㄷㄷ 임.  
20170303,10,관람객나름  감동적이었음 근데  결말이 표현이 다소아쉬웠음  
20170303,2,관람객제목은 재심인데 재판과정은 하나도 안나오고 그냥 구구절절 스토리만 장황하게 늘어놓은 영화. 연기력만 좋지 진짜 개연성조차 하나도없고 마지막 액션씬은 왜나오는지 1도 모르겠다. 9~10 점  준 사람들은 진짜 알바임이 틀림없다고 생각한다.  
20170303,8,한 사람의 진실을 밝혀 내기위해서 마음으로 진심을 전하는 영화^^  
20170303,10,관람객초반에 약간 지루 했는데 재밌었어요  
20170303,7,배우들의 연기는 좋았으니 내용의 흐름이 뚝 뚝 계속 끊김  
20170303,9,관람객예전 변호인을 보는것 같았음.. 보기 좋은 영화  
20170303,9,강하늘 연기 왜이렇게 잘하나요..ㅜ ㅜ 뻔한 스토리라고들 말하는데. 그래도 이런일이 다시는 일어나지 않게 하기위해서라도 많이 봐야될 영화라고 생각. 이렇게 억울한 사람들이 얼마나 더 많을까..  
20170303,10,관람객재밌어요 감동적이에요  
20170303,10,많은 분들에게 추천하고 싶은 영화입니다. 적절한 곳에 웃음과 감동을 배치해서 지루할 틈 없이 재밌게 잘 보고 왔습니다.  
20170303,5,관람객그냥그런영화 ㅉ ㅉ12  
20170303,10,관람객배우들이 연기를 너무 잘하네요 다시는 이런 억울한 사연이 나오지 않길 ..  
20170303,9,관람객클라스가 있는영화 한국경찰도물갈이해야댐  
20170303,7,관람객변호인이랑 너무 비슷해서 신선하진 않았어요 ㅠ  
20170303,10,"명연기 속 가슴 뜨거워지는 이야기, 좋은 영화 감사합니다.  "
20170303,7,관람객강하늘 연기가 너무너무어무너머너무 좋라요  
20170303,10,명연기가 무엇인지 보여주는 영화였습니다!  
20170303,10,관람객이 영화를 보고 난 뒤에 햇살은 무지 밝았다.  
20170303,1,영화만든 의도와 실제 있었던 그 일을 욕할순없지만 영화자체는 좀 흐지부지하네여 돈이 최고라던 정우나 친구가 갑자기 변하는 장면도 개연성이 없고 .. 기왕이면 재심하로 형사 고통받늨모습나왔으면 햇는데  
20170303,10,박준영 변호사님같은 분이 있어 희망을 꿈꿔봅니다  
20170303,8,"실화라서 다이나믹한 스토리는 아니지만, 배우들의 연기가 영화를 특별하게 만들어 준 것 같다.  "
20170303,10,정우 연기보고 진짜 팬 되었네요!!  
20170303,10,요즘 시기에 봐야할 영화  
20170303,5,관람객ㅇㄹ해핯ㄹ티퍄오피펴톹년  
20170303,8,재밌긴한데 구냥 쏘쏘ㅠㅠㅠㅠ  
20170303,10,관람객fdsfqetqegqe  
20170303,10,실화아서 그런지 아주 흥미롭게 봤습니다  
20170303,10,약촌오거리 익산시 감동적이네요  
20170303,6,영화자체는 재밌고 실화를 바탕으로 한 내용이라서 몰입하며 열받아 가며 보긴 했으나 열연해준 주연배우들에게 집중하려고만 하면 이동휘님 외 다른 몇몇배우들의 오글거리는 연기때문에 흐름이 너무 깨져버려서 저한텐 더 좋은 영화로 기억되진 않네요..참아쉽...  
20170303,9,관람객연기력도좋고 내용도좋았음  
20170303,10,올해 극장에서 본영화중 최고다  
20170303,10,관람객실화 바탕인 영화라 마음에 깊이 와닿았고 연기를 너무 잘 하셨습니다  
20170303,10,"요즘 같이 엄청난 국정농단 ""이게 나라냐?"" 할때 보기좋은 영화...  "
20170303,8,관람객너무 재미있게 잘 봤으나... 아쉬운 결말..ㅠ  
20170303,6,관람객마지막이 조금아쉽워요...뭔가 더있을것같았는데  
20170303,10,실화에 기반한 탄탄한 스토리와 배우들의 연기가 너무 좋았어요  
20170303,9,관람객최고! 의 영화....추천합니당!  
20170302,10,관람객재미써용 큰기대없이 잔잔한감동을 느낄수이씅  
20170302,1,관람객지루한 신파극 이제 그만 나올때도 되지 않았나  
20170302,10,아무생각없이 봤는데 꿀잼실화여서 더꿀잼정우 매력 기모띠  
20170302,8,관람객볼만한 영화인거 같네요~  
20170302,10,연기 정말잘하는걸 다시 한번 느낄수있는 영화였습니다다시 보고 싶을정도로요..  
20170302,10,관람객마음이 무거워 지는 영화였습니다.  
20170302,7,관람객결말이 별로..나머진 ㄱㅊ  
20170302,9,관람객배우들의 연기가좋았고 실화를바탕으로한 영화소재도 괜찮았네요  
20170302,10,배우들의 연기력이 더해져 함께 울고 가슴뜨거워짐을 느낀영화... ♡  
20170302,6,관람객영화보기전 재심과 조작된도시 많이 고민을하고 선택했지만 조작된도시가 더 좋앗던..결말이 너무 성의가 없는기분..  
20170302,10,관람객경찰 믿을게 못된다 OOO들  
20170302,6,재밌게 보긴 했다... 하지만 그 후에는 어라??!  
20170302,8,관람객머냐고 이거 개쩌는 연기 좋았수다  
20170302,8,폭력성 때문에 평점 낮춥니다. 너무 흥행에 신경쓴듯한 부분들은 좀 걸리더군요.강하늘님과 정우님의 연기력으로 인물들의 생생함이 살고정말 말로 표현못할정도로 박수쳐드리고 싶습니다.절절함이 묻어나는 연기 간만에 봐서 좋고 내용자체는 좋았습니다.  
20170302,9,관람객연기력 좋은  배우들과 좋은영화 잘봣네요  
20170302,9,관람객짱짱 최근나온 영화중 제일 잘만든것같아요  
20170302,8,관람객강하늘 연기 잘하시네요  
20170302,10,관람객정우 강하늘 연기 진짜 최거 ㅜㅜ폭풍눈물  
20170302,9,관람객재밌다...이거 한번 또 보고싶다 꼭 다시한번 봐야지  
20170302,2,배우들 연기력 대단하다는 분들은 알바인가. 같이 보고 나온 친구 왈 '배우 캐스팅에 너무 돈 아낀거 같아' 당분간 강하늘 정우는 드라마 주연일때만 볼게요. 전체적으로 퀄리티 떨어져요. 특히 마지막으로 갈수록 이게 뭐야 이렇게 끝나? 소리 나옴  
20170302,10,배우들 연기가 다한거다  
20170302,5,관람객배우들 연기는 굿 그러나 감동을 쥐어짜내는 듯한 연출이 아쉽가  
20170302,8,관람객뻔한스토리이지만 그래도 재미있었다. 연기가 좋았다.  
20170302,10,관람객은근한개그코드도있고재밌어요  
20170302,10,관람객배우들 연기 감동임다.  
20170302,9,"법의 둘레 안에서 억울한 피해자, 억울한 피의자 모두 없었으면 한다.  "
20170302,6,관람객그러저럭 쏘쏘한 재미 볼만합니다  
20170302,9,관람객정우의 연기는 재밋고 정의로움  
20170302,10,배우님들의 연기가 돋보이는 작품인것같습니다ㅜㅜㅜ  
20170302,9,관람객슬펐지만 알아야 할 현실... 감명깊게 보았습니다^^  
20170302,10,이건진짜 봐야된다. 그래야 국민무서운지알지... 공권력남용 너무 소름끼치더라  
20170302,10,관람객너무 재미있게 봤어요실화를 바탕으로 만든 영화라집중해서 봤네요  
20170302,10,이런 게 영화다. 물론 현실이라 슬프지만 그래도 현실속에 박준영변호사가 있어 괘않다. 괘않아.  
20170302,2,이번껀 끝이 애매한뜻..  
20170302,8,관람객연기 너무 잘하셔서 재밌게봤어요  
20170302,8,관람객재심하기까지의 과정을 잘 보여준것같고 재밌었습니다실화라는 말을 듣고 더 관심이 갓는데 잘 본 것 같아요  
20170302,10,이런 영화가 많아져서 세상이 조금이나마 맑아졌음 좋겠습니다  
20170302,10,재미를 위해 영화가 아님.가슴 속 진한 무언가가 느껴짐  
20170302,9,관람객하 재밌게 잘봣는데ㅜㅜ 좀 쓸쓸하네요  
20170302,9,관람객대박이예요 연기도 너무잘하시고 꼭보세요  
20170302,9,관람객잘 만들어진 영화입니다  
20170302,7,"관람객배우들의 연기는 정말 일품이었으나 몰입도나 구성은 ""그것이 알고 싶다""가 훨씬 나은 것 같음.  "
20170302,9,관람객오랫만의 정의를 보여주는 실화  
20170302,9,관람객멋있네.멋있네.멋있네.멋있네.멋있네.  
20170302,8,관람객Ummmm....mmm  
20170302,9,관람객마지막은 좀 허무해찌만 재미잇게 잘봐써욤  
20170302,9,잘생겼으면서 연기도 잘하는 미담하늘이  
20170302,8,관람객뻔한데.그래도 보게되는 괜찮은 영화  
20170302,4,너무 이야기를 질질 끌고 쓸데없는 설정들이 지루했다.  
20170302,10,"아무런 생각없이 갔다가  소름, 눈물, 감동이 ...  "
20170302,10,재밋어요 짱 내인생의 최고영화 강하늘존잘  
20170302,9,관람객뻔한 내용인데 재밌게 잘풀어냈습니다. 배우들 연기너무 잘하네요  
20170302,9,무거운 소재라서 기대안하고 별루 보기싫었는데 그냥 봤는데 넘 재밌기도하고 후련한 영화임  
20170302,8,관람객참 우리나라형사든...할말없게만들어진영화 .배우들 연기정말잘하고 그덕에더화나고분노... 마직막이 쫌 그렇지만 잘보고나온거같네요~  
20170302,9,관람객우리사회의이중성 편견이얼마나 공공연하게 아무렇지도약자들을 괴롭혀왔는지를잘보여주는영화였습니다  
20170302,9,관람객배우님들의 연기에 몰입이 됬고너무너무 재밌게 관람했어요 ㅋㅋㅋ 짱입니다 !!  
20170302,10,관람객와 연기가....그냥 졸릴까 했는데 여윽시 형님이십니다.  
20170302,10,관람객진짜열받는영화ㅡㅡ하  
20170302,10,관람객재밌어요!! 그러나 배우들의 사투리의 어색함...  
20170302,10,관람객시간가는줄 모르고 봤어요~^^  
20170302,8,관람객약간 싱거운 결말이지만 괜찮네요  
20170302,8,관람객여성 주인공 없이도 영화의 완성도가 높은 영화였음  
20170302,8,관람객굿굿짱재밌다진짜너무잼  
20170302,8,재판씬이 좀 약한게 아쉬웠어요 그냥 서둘러 마무리 짓는 느낌이랄까?!  ^^;  
20170302,10,강하늘이랑 정우 연기가 넘 좋네요  
20170302,10,진짜 정우랑 강하늘 명연기.. 이영화보고 팬됨  
20170302,10,관람객재심 영화 너무 잘봤습니다!  
20170302,9,관람객별로 그냥 재밌네요 연기도 잘하고  
20170302,10,관람객잼있게봤습니다 연기력 굳  
20170302,10,최고!!!입니다꼭보세요  
20170302,10,어쩌다가 두번 보게 되었음 . 정우 강하늘 연기 잘함 !!  
20170302,8,관람객재밌습니다. 같이 본 사람들도 대부분 만족도 높았습니다.  
20170302,8,관람객마지막에 여운이 남는 영화였음...좀 더 시원한 사이다가  부족했지만 매우 의미있는 영화라고 생각함 앞으로도 사회부조리를 고발하는 영화가 많이 개봉했으며 좋겠음  
20170302,9,"이런 잘못된 수사가 다시는 있어서는 안 되겠지요,  "
20170302,9,시나리오도 좋고 배우들 연기가 정말 좋아요.보는 내내 몰입해서 재미있게 잘 봤어요.  
20170302,9,관람객재미있게 봤지만 마지막이...영... 이건 뭐 싸고 안 닦은 기분...  
20170302,6,관람객단 한순간도 속시원하지 않아서 아쉬웠습니다 ....  
20170302,8,관람객강하늘 연기가 너무 좋았어요~~  
20170302,8,관람객실화라해서 기대했는데 그냥무난한전개가 좀아쉽네요~~  
20170302,6,"관람객재미있을거라 생각했던것은 아니지만,  뭔가 아쉬웠다.?  "
20170302,8,관람객눈물날뻔했어요 정우씨연기굿~~  
20170302,9,뻔한것 같아도 의미있고 배우들의 케미와 몰입도 최고  
20170302,8,정우의명연기가 7점자리영화를8점으로!  
20170302,10,"관람객정우,,강하늘 둘다 연기천재에요 실화라 더 슬프고 재밌네요ㅠㅠ  "
20170302,10,연기도 너무 잘하고 .. 재미잇었다  
20170302,10,군더더기 없는 아주 깔끔하고 유익한 영화였습니다.  
20170302,9,관람객괜찮은 영화인거 같아요  
20170302,9,앞부분 몰입도는 좋았는데 !엔딩부분은 좀 허무하다랄까  ... ㅋㅋㅋㅋ  
20170302,8,관람객마지막이 저금아쉬웠지만 배우들의 연기가 돋보인 영화.  
20170302,10,눈물날뻔했음 바로 소주 생각남  
20170302,9,관람객정의로운 사회가 되기를  
20170302,10,관람객최근 본 영화중 가장 인상깊다  
20170302,9,관람객잼있었어요 화가났지만 ㅋ  
20170302,9,"관람객실화를 바탕으로한 정의와 양심, 현실적 선택의 기로에 선 인간적인 고뇌, 정우와 강하늘의 연기 좋습니다.  "
20170302,9,과한 멋 부리지 않아서 더욱 좋았다.  
20170302,10,최근본것중가장감동적이었습니다  
20170302,10,관람객기대보다 재밋엇음. 배우들의 연기가 좋음  
20170302,10,관람객꼭보세요 ㅠㅠㅠ!! 최근본영화중 최고에오  
20170302,10,관람객가슴이 먹먹하네요ㅡ더구나 이런일이 실화라니ㅡㅡ좀더 나은 세상이 꼭 왔음좋겠다ㅡ제발ㅡㅡ  
20170302,10,관람객10 점 짜리 영화는 아니다  다만 10 점이 주고 싶게되는 영화이다  
20170302,10,흡사 변호인을 보는듯한 느낌 이런영화 좋다. 정의는 반드시 승리한다는 확신을 주는영화  
20170302,8,끝이 다소 아쉽지만 배우들의  연기는 짱짱짱.  진심이 느껴져 울꺽하는 영화입니다  
20170302,10,관람객재미있게잘봤습니다!  
20170302,6,관람객좀지루했어요 보고나니 우울한~~  
20170302,7,관람객생각한것보다는 볼만했어요  
20170302,9,관람객강하늘&정우 역시역시!! 연기력 소오름.. 꼭보세요ㅠ 이런영화는 잊혀져선안됩니다 역주행하길!  
20170302,10,강하늘 연기력에 놀람..  
20170302,10,연기 너무 한거 아녜여 내가 다 감정이입되서 봤음 ㅎㅎㅎ 정우오빠화이팅  
20170302,10,크게 기대 안했는데 너무 재밌게 봤어요~  
20170302,6,강하늘 연기 잘하는데 그게 끝..너무 허무하다 진짜ㅜ뻔한 전개에 재심장면마저 없고메세지는 있는데 남는게 없는 영화 에휴강하늘이 더 큰 배우가 되겠다는건 알겠다  
20170302,9,"의외로 스릴도 넘치고 ~ 실화를 영화로 잘 구성했다ㅋ 두배우, 엄마역까지 명연기 잘봤습니다♡  "
20170302,6,영화 초반부에는 몰입이 안돼 혼났다 정우 이동휘가 같이나오니 응답 의 오버랩에 막히고 정우의 어설픈 서울말이 연기와 따로노는것 같아서  조금 답답했다.하지만 후반부로 갈수록 실화라는 핵심이 있어  초반의 어색함이 사라지는것 같았다 역시 김혜숙씨 엄지척  
20170302,10,배우들 연기 좋고 내용도 실화 바탕으로 잘 각색해서 제작했네요. 감동도 재미도 보증합니다  
20170302,9,관람객실화라 그런지 감동잇고 슬펏어요... 잼잇게봣어요~  
20170302,7,관람객잼있게봣네요..연기자들 연기좋었어요  
20170302,7,관람객이미 알고 있던 내용이긴 했지만 볼만 하네요  
20170302,9,관람객진짜재밌게잘봤습니다ㅎㅎ  
20170302,10,관람객정우 연기력좋고 실화라서 좋앗어요  
20170302,7,김해숙님 연기는 진짜 해바라기때나 지금이나 여전하네 명연기다 진짜  
20170302,8,관람객왜 다들 재미없다하지ㅜㅠㅠㅠ좋은 영화!  
20170302,9,관람객간만에 재밋게 본 한국영화입니다  
20170302,9,관람객정우?장하늘? 조합이 괜찮을까했는데시너지효과 굳굳 9점은 엔딩이아쉬워서 ...더보고싶은데  빨리끝낸느낌 20분동안 더 했어도 몰입해서봤을텐데..미개봉컷있으면 빨리풀렸음좋겠네실화를 다뤄서 보는내내 더 욱했던것같네요  
20170302,10,주연분들의 연기도 좋았지만 조연분들의 연기가 더 돋보였던 영화  
20170302,10,관람객너무너무 재밌게 잘봤습니다.강추  
20170301,8,관람객재밌게 봤어요!!!!  
20170301,10,그래도 실화니까  감동적이다  
20170301,9,마지막 판결 장면 까지 봤으면 더 좋았을것 같음.  
20170301,7,법정영화의 가장 큰 묘미라고 생각하는 재판과정이 생략되고 간단한 타이포로 열거되는것이 화룡정점으로서 마무릴 하지 못한느낌드라마로서 전개와 갈등은 매우 만족하고 휴머니즘적인 부분이 녹아 있는 부분 및 법적인 갈등또한 마음에 듬  
20170301,10,관람객재미있게 봤어요  강하늘  짱 멋있음  
20170301,10,관람객마지막이 뭔가 너무 빨리 끝맺는것 같아서 마지막은 별로였어요 하지만 전체적인건 마음에 들어요  
20170301,10,마지막에 진짜 울컥햇다....  
20170301,6,관람객막 재밌으려고 기대되는 순간 끝이 난다ㅜ포장을 뜯고 맛있게 먹으려는 순간 음식을 뺏어간 느낌  
20170301,7,관람객의외로 암울하지 않았던 영화  
20170301,10,관람객연기 짱!!!! 정말최고  
20170301,8,"관람객실화라니.... 배우들 연기하고, 줄거리 전개가 재밌었습니다.  "
20170301,8,관람객좋습니당 이야이야요 후레이!  
20170301,7,관람객기대만큼은 아닌듯 해요  
20170301,9,관람객남자친구랑 재미있게 잘봤어요  
20170301,8,실화라 더와닿는거같습니다. 연기도 지렸습니다 최고. 근데 영화끝날때까지 뒷자석에 아줌마 주르륵앉아서 떠드시느라 영화를본건지 예능을본건지 아 방청객인줄 진짜 조용히해달라해도 그러는 꼴보니 답이없더군요 우리모두 영화관에서 영화볼때는 입좀 닫고조용히 봅시다  
20170301,8,관람객지금도 이런 피해자가....  
20170301,8,실화라서 몰입과 주?조연연기력으로만족  
20170301,9,관람객실화라서 더 집중해서 봤네요!!배우분들  연기도 잘하고!! 감정이입하면서 안타깝게 봤는데ㅠㅠ 마지막에 아쉬긴 했지만 재밌게 봤어요!  
20170301,8,관람객재밌어요 실화바탕이군요  
20170301,9,관람객배우들의 연기력이 참 이 영화에 한목하는 것 같다. 또 많은 것을 느끼게 해준영화...부정부패가없는 나라가 되었으면 좋겠다!  
20170301,10,관람객사이다였습니다!!! 정우씨하고 강하늘씨 연기를 너무잘하시네요!!!  
20170301,7,관람객엄청 재밌짐 않았지만 그냥 볼만했음  
20170301,10,관람객감동 자체다.세상은 혼자가 아니다.  
20170301,9,관람객요즘같이 대한민국이 싫어지는날 보기좋은영화  
20170301,7,영화 재밌네요~~ 무거울줄알았는데 의외로 재미가 느껴져서 볼만은 했네요~ 연결 연결 되는 부분이 조금 아쉬운데 연기력이 커버하네여  
20170301,9,배우들연기도좋고 영화정말 감동이네요!  실화라생각하니 보는동안 화가 치밀기도하구요  
20170301,8,관람객연기들 멋있었고 재밌게 보았습니다. 하지만 마지막이 좀 아쉽지 않나 싶네요  
20170301,10,관람객무거운 주제를 다루고있지만 중간중간 소소한재미가있어 몰입이 되는 영화입니다. 시간가는줄모르고 재밌게 잘봤습니다~  
20170301,10,무대인사가서보고왔는데 정말최고네요 변호사님ㅂ멋있습니다 연기잘해주셔서감사해요 정말인상깊게봄ㅜ  
20170301,10,관람객집에서 혼자 보세요ㅠㅠ 영화관에서 눈물 참느라 혼났네요  
20170301,10,평점한번 남겨본적 없는 저를 영화가 끝나자마자 평점등록을 하게했습니다. 배우들의 열연은 물론 몰입도가 짱 정말 멋있고 꼭 추천하고 싶은 영화입니당ㅜㅜ  
20170301,7,관람객배우들의 멋진 연기력에 집중하면서 봤네요단 사이다결말을 원했는데 아쉽네요  
20170301,9,10년의 시간을... 재밌게 봤습니다^^  
20170301,8,관람객재밌게 보고왔습니다?  
20170301,9,관람객안 졸고 잘 보고 나옴 줄거리가 뻔한거라 흥미진진하진 않음  
20170301,10,정말 재밌다  연기가 눈물난다  
20170301,9,관람객너무너무 재밌게봤어요!!  
20170301,9,관람객굿굿 !!!재밌게 봤어요 정우 연기력 굿굿!!  
20170301,10,관람객양심 변호사의 의지에 감명을받았습니다.. 따뜻했구요  
20170301,10,"내용도 좋았지만 영화 자체만으로도 좋았어여~ 이런 영화 많이 나왔으면 좋겠어여, 최군, 박준영 변호사님 힘내세요  "
20170301,10,와..진짜 너무 재밌게 잘 봤어요 몰입도 장난아님 ㅜㅜ  
20170301,8,관람객재밋어용ㅎ연기력조음  
20170301,10,몰랐을 사실과 진실을 영화로 만들어줘서 감사합니다  
20170301,10,기대없이 봤는데 소름 돋고 나왔습니다. 이 영화가 영화라는 장르의힘을 보여주는 것 같습니다. 국민이라면 봐야하는 영화입니다.. 최고..  
20170301,10,관람객잼있어요 잼있어요 잼있어요  
20170301,10,정말 잘 봤습니다. 배우들 연기가 정말 최고였습니다.  
20170301,10,관람객재밋어요역시정우는넘나리머싯는것  
20170301,10,이제라도 봐서 다행이다. 놓치기 아까운 영화인것 같다.  
20170301,10,관람객정말 재밋엇음 정우씨 연기 굿  
20170301,10,관람객변호사분이 계셔서 아직은 살 만 하네용진짜 추천  
20170301,7,열자 감상평 입니다..  
20170301,10,관람객꼭봐야할영화임.두번보고세번보고네번봐야할영화  
20170301,10,관람객연기가 진짜짱입니다....?? 재밌어요!!!  
20170301,10,관람객배우들 연기와 스토리도 탄탄합니다  
20170301,9,관람객인권이 얼마나 소중한지를 일깨워주는 영화~~~  
20170301,8,관람객마지막이허무햇지만 그래두재밋다  
20170301,8,관람객실화라서 집중 잘되었다  
20170301,10,배우들 연기력도 좋고  영화도 재밌어서 시간 가는 줄 몰랐어요ㅋㅋ  
20170301,4,관람객ㅎ뇨요여여여요ㅇㅕ처럴ㄹ랼  
20170301,9,연기 만점 내용 만점 진짜 영화 스토리도 탄탄하고 좋았어요... 기대이상으로 재밌다... 정우 강하늘 사랑해요... 안볼수 없는 영화!!  
20170301,8,진짜 이럴수도있구나 사람이제일무섭다 영화집중력도좋고  좋았어요  
20170301,8,관람객변호인느낌~~~@#!@#!@  
20170301,10,관람객울림이 있는 영화! 좋네요  
20170301,6,관람객생각보단 아쉬웠어요 ...  
20170301,10,"재심이라는 단어의 엄중함을 영화 보는 내내 다시 한 번 느낄 수 있었고, 극이 진행됨에 따라 상반되어 가는 정우와 이동휘의 연기를 보며 배우도 다시 한번 재발견할 수 있었던 좋은 영화였다.  "
20170301,5,관람객다시돌아보는영화이네요  
20170301,9,관람객긴장감넘치고 실제사건을모티브로해서 그런지 더욱재밌습니다  
20170301,10,"최고!!보는데너무분하고후,,,  "
20170301,1,응망작 23아이덴티티한테 밀리는 국뽕의 현실을 절실히 느낄수잇음ㅋ  
20170301,9,관람객화가 치밀어 올라오고 가슴이 먹먹해지고..옛날부터 알았지만 지금까지도 별반 달라지지 않았다는게 문제죠  이나라가 우째될런지 우리 국민들께서 생각을 많이 해야겠네요ㅜㅜ  
20170301,7,관람객주인공들 연기는 좋았으나 재미는 그닥이네요ㅋㅋ  
20170301,8,마음이 시원하게 뚫리기도하고 밝아진것같아요 진짜 명연기...  
20170301,6,관람객다 괜찮은데 후반부가 좀 늘어진다  
20170301,10,관람객연기가 다들 쩔었고 내용도 잘 구성되있습니다  
20170301,10,관람객재밌습니다재밌습니다  
20170301,10,관람객몰입해서잘봤습니다~~~ㅎㅎ  
20170301,8,관람객사실에 근거 한줄 알지만 재미나교훈은 부족한듯  
20170301,10,관람객시간가는 줄 모르고 봤어요... 멋진 연기입니다  
20170301,10,정말 재밌습니다 집중하고 눈 번쩍뜨고 봤습니다 강추합니다  
20170301,10,관람객정우 강하늘 김해숙 연기 멋집니다  
20170301,8,관람객주연배우 연기 굿굿!!  감동도 있어요  
20170301,10,관람객화가나고 감동적이네요 배우들 연기가 너무 훌륭했습니다!!  
20170301,10,관람객정말배우들연기는최고였습니다^^영화의여운이아마오래갈거같아요  
20170301,10,관람객결말이 조금 허무하지만 재밌습니다.  
20170301,10,완전 몰입 영화 생각 없이 봤는데 기대이상의 연기와 스토리에 .... 어떤 사람이던 역시 마음 읽어주기 중요하다  
20170301,8,다른건 다 좋은데 연출이랑 극본이 너무 아쉬웠습니다.  
20170301,10,강하늘 몸메와 연기가 죽이네요.  
20170301,9,관람객실감나게 잘봤읍니다  형사들 죄값을 엄하게 받고 다시는 이런일이 적었으면 하고 대한민국에 정의가 살아슴쉬는 나라가 되었읍합니다  
20170301,8,관람객끝이허무 재판모습까지무죄보여주시지..  
20170301,10,"스토리, 결말을 다 떠나서 연기들이 짱이였다 진짜.강하늘은 동주이후로 믿고보는배우가 됨  "
20170301,10,관람객자리도좋았고 정말잼있게봤습니다  
20170301,10,관람객10점을 안줄수없는 영화다!!!  
20170301,7,관람객나쁘지 않았어요. 믿고보는 정우 연기ㅋ  
20170301,9,"관람객정우, 강하늘 다 좋아하는 배우인데 역시 너무 좋앗음!강추강추!  "
20170301,10,와 진짜 연기가~~ㄷㄷ 강하늘과 정우는 갓입니다. 배우들의 연기도 좋지만 영화도 잼있어요  진짜 꼭 보세요!!!  
20170301,8,관람객실화를 좋은 주인공들로 사람들에게 더욱 다가가게끔 만든 영화라 좋은 것 같았으나 사람들이 원하는 결말은 글로만 보여줘 마지막이 실망감이 든 영화였다  
20170301,8,관람객실화를 바탕으로한 영화라 더 가슴에 와닿았던거 같습니다.  
20170301,10,관람객변호인보다 더 진한 감동이 있네요~~~강추요~~  
20170301,7,관람객그저그런 드라마물 보는듯한 느낌이엿습니다 약간의 억지감동도 포함되어 아쉬웟습니다  
20170301,7,관람객실화라서 더 안타까운..!  
20170301,9,관람객너무 재미있었습니다 마무리는 조금 아쉽지만  
20170301,10,관람객쟤밌어요~~ 강하늘 멋있네요 연기도 잘하궁  
20170301,10,무대인사 갓는데 강하늘 너무 잘생겼고 정우도 진짜 멋잇음ㅠㅠㅠ 강하늘 손잡아ㅛ음 사랑해요ㅠㅠㅠ둘다 연기 진짜 잘하고 영화도 기대 이상으로 재밋엇음!!  
20170301,9,다시는 억울하게 옥살이 하는 사람이 없기를  
20170301,8,정우랑 동휘 응팔때 생각나고 케미가 좋았다.근데 강스카이가 맞는 장면이 너무 많이 나왔음. 노출연기 부끄부끄. 몰입감은 좋았음  
20170301,8,관람객가슴이 뭉클해지는 영화 마무리가 아쉬움  
20170301,1,내가 이걸왜봤지 .... ㅜㅜㅜㅜ  
20170301,8,진실에 다가가기 위한 진심  
20170301,10,내가 다 미안하고 나까지 죽고싶어지고;; 걍 진짜 짜증남 이 나라가  
20170301,10,정우가 너무 재치있게 잘해줬다. 강하늘도 캐릭터 잘 표현해줬고. 변호사님 화이팅  
20170301,9,관람객법이 권력편에 서면 안된다는 것을 보여줘 감동이었어요.  
20170301,9,관람객끝은 허무했으나 실화이기에 충분히 감동받을 영화  
20170301,7,관람객잔잔하지만 의미있는 영화입니다. 사회의 정의와 법의 의미를 다시 한번 생각하게 되었습니다.  
20170301,3,관람객ㅋ아아 별로 그닥임ㅋ그더그럼  
20170301,8,법이라는 이름 아래에서 억울한 누명을 쓴 사람들이 많을 것 같다. 그런 많은 사람들이 누명이 사라질 수 있다면 좋겠다. 영화는 평타는 친것 같다. 사람들이 재밌어할 만한 요소를 넣으려다보니 허구성이 많이 들어간 것이 좀 아쉽다.  
20170301,8,관람객실화소재라던데 기대보단 재미있었어요  
20170301,7,관람객의미는 알겠는데...감동은 글쎄...  
20170301,10,관람객두분 배우의 연기 넘 멋졌습니다!  
20170301,8,관람객재미있었네요 정우 강하늘 연기가 좋지만 내부자들보단 살짝 아래  
20170301,4,관람객굳 진짜 볼만한영화 입니다  
20170301,9,관람객너무도 가슴아프고 화가난다먹먹해지는 맘을 어케 달래야는지. . .  
20170301,10,관람객아ㅠㅠㅠㅠ 진짜 정우오빠랑 강하늘오빠 실물 영접할줄 누가 알았을까요ㅠㅠ 보고싶던 영화라 혼자서 보러왓는데 진짜 악수까지..하ㅠㅠㅠ 영화진짜 배우들과 같이 감정이입되고ㅠㅠ 너무 슬펐지만 중간중간 재미도있었어요!이영화 추천합니다????  
20170301,10,관람객굿굿굿~~~~ 매우재밌음  
20170301,8,그냥 감동적이 영화이다. 이런 영화는 정말 많았다. 비슷하다. 그 이상 그 이하도 아님... 근데 볼만하다  
20170301,10,관람객괜찮았어요 결말은 뻔하지만 그래도 꿀잼  
20170301,7,쓰레기성님의 연기력이 돋보임  
20170301,6,감동적이에요!! 배우들 연기에 몰입이 잘됬어요..다만 스토리 전개가 좀 지루해요  
20170301,8,관람객마지막 하일라이트 미약함..  
20170301,1,똥싸다가 끊김우에우루규규웅  
20170301,7,관람객형사 연기 넘 잘해서 진심 화났네요..ㅋㅋㅋ  
20170301,8,관람객약간 어설프지만 잼낀 잼써요  
20170301,1,진짜 드럽게 재미없더라...  
20170301,10,관람객정우 강하늘 이동휘 박경영 그냥 지린다... 꼭봐야됨  
20170301,9,가슴이 찡하다... 이 사회가 정의로워지길....!  
20170301,9,관람객구뜨으아으아으아으아  
20170301,10,관람객정우와 강하늘의 절박하고 깊은 연기내공 굿!!재밌게 봤습니다!!  
20170301,10,강하늘 정우 정말 좋았다  
20170301,1,이 영화를 보면 신원호가 얼마나 대단한 연출자인지 알게 된다. 이 정도 배우로도 '응답하라' 시리즈를 만들다니...  
20170301,8,관람객스토리도 탄탄하고 재미있었습니다배우들 연기도 좋고 감동도 있고 좋았어요^^  
20170301,10,관람객로건 짱짱이라고 말하고 싶네요  
20170301,10,관람객간만에 영화다운 영화 본것 같네요  
20170301,8,관람객재밋는데 뭔가답답해써요 흑  
20170301,8,관람객실화라 재미있었어요 감동도 있었구요  
20170301,10,관람객재미가있어요오옹오옹  
20170301,7,관람객볼만은하나 영화로만들기 위해 시나리오를 억지로 꾸민 내용이 조금은 억지스러웠다.  
20170301,10,관람객아주재미있게봤습니다  
20170301,9,정우씨의 연기 담백하게 잘봤습니다. 현실적인 부조리들이 드러나는 이런 시국에 가슴을 꾹 누르는 듯한 느낌이 들었습니다. 어떻게 살아야 되는지 ..생각하게 되네요.  
20170301,9,관람객아주 좋아요 약간 지루한감있음..  
20170301,9,관람객잼썻습니다잼썻습니다  
20170301,10,"배우들의 명연기도 좋고, 요즘 불합리한 사회에서 정의가 승리하는 내용의 영화가 더더욱 매력적입니다.  "
20170301,10,엄청재미있었음 ㅋ정의감생기게 하는 영화  
20170301,7,마지막이 너무 이상해 그치만 볼만했음 강하늘 머리자르니 인물이 살아나네  
20170301,8,관람객재미있네요 연기 잘하는 배우들이라 기본적으로 전달이 잘됐네요~~  
20170301,10,전 강하늘배우 때문에 봣는데 내용도 정말 탄탄하고 재밌었어요!  배우분들 넘 열일하시고 억울한 누명을 쓴 주인공분과 고군분투하는 변호사님의 심정이 정말 공감이  잘 되는 영화였어요!~^^  
20170301,9,"..힘없는사람들이당해야하는우리나라의현실을보는것같아열받았어요..좋은영화같아요, 연기력은짱  "
20170301,9,점점 변호사가 되어가는 정우의 연기와 소년시절 살인 누명을 쓰고 감옥에간 강하늘의 연기 너무 좋았고.. 실화라서 그런지 더 감동적이었습니다.  
20170301,8,관람객괜찮았어요~ 다만 법정씬의 경우 실제 재판진행 과정을 참고하면 좋았을듯 하네요  
20170301,8,관람객볼만한 영화였슴다.강하늘의 변신한 새로운 모습을 봤네요.  
20170301,8,관람객괜찮게봤어요~~잘봤습니딘  
20170301,10,정우는 이병헌급 아니면 그 이상이다.  
20170301,9,관람객안녕 클레오파트라 세상에서  
20170301,8,관람객재밌게 잘 봤어요 조금더 스릴있었으면 ~  
20170301,10,안보신분들 꼭보시길~~~  
20170301,10,관람객정의로운사회를위하여? 홧팅  
20170301,10,관람객실화의 울림을 넘어서 영화가 정말 재미있습니다. 배우들 연기도 참 좋고요. 마지막 사진으로 출연하신 박준영 변호사님 스크린으로 보니 더 멋지십니다. ㅎㅎ  
20170301,8,관람객정말 연기는 최고입니다! 스토리도 나쁘지 않고요  
20170301,10,관람객진짜 영화보면서 너무화나서 암걸리는줄알았다 진짜 연기다들 너무잘하고!!짱재미있다!!  
20170301,10,영화는 잼 박평식평은 노잼  
20170301,10,관람객정우씨 하늘씨 해숙씨 연기가 나무랄데없었구요~~  진한감동의 여운이 남네요  
20170301,8,관람객재밍ㅆ게보ㅓㅆ어요 옴마앙  
20170301,10,혼자 보러 가서 재심을 고른건 신의한수였다  아이덴티티랑 해빙중에 골랐는데 진짜 배우님들 연기장난아니더라  같이 울고 화내고 진짜 너무잼있게 봤다 시간 가는줄 모르고 봤다  
20170301,10,관람객실화라니ㅠㅠ정말감동이었어요ㅠㅠ  
20170301,10,관람객감독님 영화 잘 만드시네여정말 잘봤습니다^^  
20170301,9,관람객연기좋고내용도좋았던것같아요  
20170301,9,관람객재밌었는데 마지막이 조금 애매했어요.  
20170301,8,관람객결말이.... 어 그냥... 허무..?  
20170301,8,관람객뻔한스토리. 예상을벗어나지않는. 보는내내 짜증났음. 나름재미있긴함  
20170301,10,아침에 일어나서 보러 간 것을 후회하지 않는다. 감동적이고 좀 더 깊은 생각을 하게끔 만드는 아주 좋은 영화였던 것 같다.  
20170301,10,관람객재밋게 잘 봤습니다~  
20170301,9,관람객좋은 변호사 이야기 감동적입니다  
20170301,10,허읔 진짜 너무 재밌다 하나도 안 지루하고 몰입해서 봤다  
20170301,9,관람객재미있게 감상했슴다~  
20170301,10,관람객실화였다는데 출연진들 연기력도 뛰어나고 구성도 좋아 넘 잼나게 봤네요  
20170301,10,"관람객재미있었습니다,ㆍ.  "
20170301,8,관람객짱구좋아 ㅎㅎㅎ존잼이엿음  
20170301,10,관람객감동적입니다 연기력 대박!  
20170301,10,관람객최근들어 본 영화중에서 제일 잼있게 보았습니다^^  
20170301,8,관람객실화라서  꼭 보고싶었어요.끝맺음까지  완벽했으면 좋왔을뻔했어요  
20170301,9,관람객한번쯤은 볼만하네요.  
20170301,7,관람객나름 재밌었음. 연기도 훌륭하ㅛ고  
20170301,9,관람객실화라고생각하니 더몰입되고재밋엇습니다마지막이좀아쉽긴햇는데..  
20170301,7,다룰 가치가 있는 사건이고 영화로써 좋은 주제였지만 전반적인 만듦새가 아쉽다. 좋은 연기를 하는건 맞지만 긴장감을 놓치게 하는 연출과 후반편집이 아쉬워 비슷한류의 변호인에는 한참 못미치는 영화.  
20170301,9,관람객배우들 연기력이 너무 뛰어나당.. 아쉬운건 고구마만먹다가 사이다장면에서 엔딩이 난다는것 ㅜㅜ  
20170301,10,관람객정만 오랜만에 감동적인 영화를 보았습니다.즐겁고 흥미롭게 보았습니다.  
20170301,9,관람객감동입니다. 법을 통한 정의가 이뤄지길 기대해봅니다~~  
20170301,9,관람객여러모로 대단하다는 것  
20170301,7,관람객정우는 대배우네.혼자서도 모든걸 다해냄.그런 능력의 배우.  
20170301,8,관람객볼만해요 감동적이예요 약간 지루한것도있지만..ㅎ  
20170301,10,돈이 아깝지 않은 영화. 꼭 보시길  
20170301,10,관람객강하늘다시보인다.연기대박잘함.그리고변호사로나온.이름까먹었는데.너무너무연기를잘함  
20170301,8,관람객정우 연기잘함 스토리도 나름 ㄱㅊ  
20170301,9,관람객뭔가 많은것을 생각하게 해주는 영화였어요 ㅎ  
20170301,10,관람객최고~! 정우연기 소오름  
20170301,10,관람객너무너무재밌었어요 강추합니다  
20170301,9,관람객오랫만에  가슴으로  영화를  봤네요김해숙  정우  강하늘씨의  연기도좋았고  실화를  바탕으로해서인지   더욱  뜻깊게  봤네요정말로   그런  나쁜부류의  경찰과  검사  그런인간들이  있을까요?   무섭네요    정말억울했을거같아요  
20170301,7,솔직히 배우들 연기때문에 살아난 영화...짐작가는 스토리에 왠지모르게 감정선이 자꾸 끊긴다 ㅠㅠ 앞부분은 지루했지만 배우들 연기때문에 보는영화랄까  
20170301,10,관람객문제제기 인간해방 전문가사회 사랑  
20170301,10,관람객좋아용~^^재밌게 잘 봤어요  
20170301,10,관람객강하늘과 정우에 몰입해서 보게되는 영화입니다 강추해요ㅜㅠㅜ  
20170301,6,관람객재밌게 보고있ㄴ는데 티비를 꺼버린 느낌이다... 마지막을 다 자막으로 대신하다니 ... 으 별로다  
20170301,8,관람객배우도그렇고 내용도 그렇고 기대이상  
20170301,10,관람객재밌어요ㅎㅎ인정ㅎㅎㅎ  
20170301,10,마지막 장면에 울컥...  
20170301,8,관람객이게실화라니 너무 울분이터지지만ㅠㅠ....  
20170301,7,영화를 보는 내내 폭력성을 돋보이는 영화라서 심장이 쫄깃쫄깃 했음 억울함을 어떻게 풀어야 될지 차근차근히 알려주며 관객들을 사로잡았지만 스토리가 뒤죽박죽 섞어 있어서 무슨 언행을 쓰고 있는지 몰랐음  
20170301,10,"와 ..정말 이 영화의 실제 사건을 모르고 있었는데  소년분 풀려나서 정말 다행이고., 연기 너무 크 ... 다들 너무 잘 하시고 이게 실제였다는게 더 충격적.. 그만큼 우리나라는 돈으로 지배되는 세상이 아니길 바람  "
20170301,10,관람객엄청 재미있었지만 마무리가 아쉬웠다  
20170301,10,예고편은 기대없어서.. 그냥 평균이겠지 하면서 봤는데..와 넘 잘봤어요 최군이 행복하게 지내시길 바래요.. 배우들 연기대박이에요 ㅜㅜ 전 호불호때문에 추천잘안하는데.. 이영화 정말 강추합니다  
20170301,10,"연기신(神)들  덕분에 완전 몰입해서 봤습니다. ""법은 있는 사람들을 위해 만들어졌다""는 말에 공감하면서도, 한편으론 실존인물 박준영변호사님 같이 정의를 위해 노력하시는 분들이 계시기에 그래도 ""법의 공정성""을 믿기로 했습니다.  "
20170301,9,관람객보는내내마음이답답하지만뭉클하기도했엉ㅎ  
20170301,8,관람객마지막에 끝이 이상하게 끝나는거 빼고는 괜찮은 영화였다  
20170301,10,관람객완전 대박 연기력도 좋고 구성도 좋고 재밌습니다  
20170301,10,관람객정우 보려고 봣는데 강하늘을 보게됨둘다 연기 잘하네~~ 멋쪄요보는 내내  마음아팟고 감동했어요.실화였다는게 더 가슴아픔니다  
20170301,10,이영화 더잘되야 해서 평점 일부러 남기네요꼭보세요!!  
20170301,9,관람객오랜만에 보는 영화였는데 재미있게 잘 봣네요두배우 연기력도 좋앗고 실화라고하니 막 화도나도 그랫는데 좋네요...^^  
20170301,9,관람객끝은 확 사이다이길 바랬는데 아쉬워요ㅜ재밌게봤어용 :D + 어떤 어르신 두분 엄청떠들며보던데 공공장소에서 그러지좀 맙시다.  
20170301,10,관람객재밌게 잘 봤습니다 김제에서 촬영해서 더 감회가 새롭네요  
20170301,10,관람객강하늘의연기가 돋보였습니다.잔잔한 감동도 있고 영화를 보며 저런일도 의외로 힘없는 서민들은 많이 당하겠다는생각을 해봣습니다.  
20170301,10,연기력에 몰입이...??  
20170301,9,관람객기대안하고 보면 재미있는  
20170301,8,관람객정우와 강하늘의 연기가 멋져요  
20170301,8,관람객실화를 바탕으로 한 영화라 반전이 있는건 아니였지만재미있게 보았습니다.  
20170301,9,관람객스토리가 짜임새가 좋은듯요  
20170301,6,이내용을다룬그것이알고싶다를보신분들은보지마세요그냥고급진그것이알고싶다입니다..  
20170301,10,관람객재미나게 본영화 입니다추천합니다  
20170301,10,관람객굿 재밌었음 ㅋㅋㅋ후회없는선택  
20170301,10,관람객yuiooiuytretuipiyte  
20170301,10,퇴근 후 피곤한 상태로 심야로 봐서 잠들거 각오하고 봤는데.. 오히려 더 멀쩡해졌네요 연기최고입니다 기대이상!!  
20170301,10,관람객배우들의연기가...할말이없어요  
20170301,6,관객이 보고 싶어하는 거 기대하는 거 그것을 감독은 몰랐었나 봄.  기승전 까진 참 좋았는데 결이 않 좋은 게 아니라 결이 없음. 그냥 정우의 마지막 대사한줄로 영화의 주제를 설명해버림 그게 너무 아쉬움  
20170301,10,관람객약자를위해 힘쓰는 변호사의 모습틀보면서 울컥했습니다  
20170301,10,관람객꼭 봐야하는 영화인듯...  
20170301,10,정우형..연기 ㅠㅠ왠만하면 영화보고 안우는데 울뻔했네요 ㅠㅠ  
20170301,10,출연자들 모두 연기잘하고 정우를 다시보게하는 영화다  
20170301,8,관람객정말 결말이 다행인 영화.. 정말 결말이 대단한 영화.. 눈물 흘리는것 보다 더 큰 벅차오름.. 잘봤습니다  
20170301,10,가족들이랑 방금 보고왔는데 재밌어요 강하늘 잘생김 ㅜ  
20170301,10,화가났다가 가슴먹먹했다가 웃음도 짓게한 영화두배우의 연기에 감탄했고 실화라는 얘기에 화가 치밀어오릅니다 두번다시는 이런일이 반복되지않았으면.. 영화는 몰입도 최고입니다!  
20170301,7,실화지만 너무 감동적으로 만들려고 한 요소가 너무 많음  
20170301,10,관람객재밌네요 영화 좋은영화 잘봤습니다  
20170301,10,완젼 대한민국 국민이라면 꼭 보길 추천  
20170301,1,미안한데 연기자 때문이라기 보단 연출한 감독 때문에 더럽게 재미 없었구요 지루해서 2시간이 3시간 같았어요. ㅜ이거 10점 준 사람들 정말 더럽게 영화 볼 줄 아는 감각이 없거나 마비된 사람 같아요.ㅜ 실제 변호사가 멋있는거지 걍.. 분력력들이없나  
20170301,10,관람객영화의 사실적인 묘사가 아주 감동깊이 잘봤습니다.  
20170301,10,다들 연기를 너무 잘 하셔서 몰입하면서 봤어요!  
20170301,9,기대하지 않고 봤는데 기대 이상으로 재밌게 잘 봤습니다. 우울한 내용이나 영화는 전혀 우울하지 않고 진지한 듯 웃기고 감동도 있습니다. 강추합니다.  
20170301,9,흠잡을것 없는 연기와 배역. 배우들의 열연과 스토리도 잘 어우러진다. 이정희의 연기는 정극에성 조금 어색해서 집중도가 떨어지는 편이다.  
20170301,9,"그것이 알고싶다  898,994편 시청 필수, 열명의 범인을 놓쳐도 한명의 무고한 피해자를 만들지 말아야한다는 명제에 충실한 영화.  "
20170301,10,정우와 강하늘의 연기가 좋았다.살인자로 누명을 쓴 채 살았던 현우의 아픔이 고스란히 느껴졌다. 현우의 재심을 위해 힘쓰다가 진짜 변호사가 되어가는 준영의 모습도 멋졌다.  
20170301,7,관람객의미있는 사건이지만 엉성한 설정  
20170301,2,초반부터 후반까지 자료만모으다가 끝남 정작중요한재판은안보여줌 후반에 갑자기 전개가 번개같은속도로빨라짐 솔직히 배우들의 연기빼곤 모두 재미없음끝부분에서 어? 끝난거야? 라고의문이듬  
20170301,9,관람객지루하지않고 집중해서 잘봤어여~배우들 연기가 짱임니다~!!  
20170301,10,진짜너무감동이에요 진심!!! 두번도 보고싶은영화임.  
20170301,10,관람객재심!!  마음에 담고 왔습니다   감사합니다 대박 나세요~~^^  
20170301,8,관람객재밌게 봤지만 화가 나는건 어쩔수 없네요  
20170301,9,관람객굳입니다완전재밌어요  
20170301,9,관람객뭔가 되게 재밌는거 같으면서 재밌다  
20170301,10,명연기 명배우 명감독 명작가 명변호사 영화를 본 후 처음으로 박수가 나오는 영화였습니다. 법조계에서 일하시는 저희 아버지도 눈물을 많이 흘리시더라고요 좋은 작품 감사합니다 감독님 배우님들 모두  
20170301,9,관람객좋은 연기!! 지만 다소 지루하긴 햐용  
20170301,10,배우들연기최고마음이아파오는영화실화의느낌을그대로재현  
20170301,6,관람객강하늘이 다한 영화라고 생각  
20170301,6,연기력을 떠나서 재미가없다 지루함  
20170228,10,배우들 연기 너무 잘함 정우 강하늘 이동휘 민진웅 등등 연기력 후덜덜.. 특히 형사 역할한 한재영 진짜 때려주고 싶을정도로 너무 잘함 ㅠㅠ 강하늘은 너무 많이 맞아서 좀 불쌍.... 몰입감 쩔었음 굿굿  
20170228,10,강추~무조건보세요 후회 안하실거예요  
20170228,6,"태어나서 처음으로 남겨 봄, 실제 있었던 일이라고 생각하니 피해자의 공포가 얼마나 컸을까 두렵기까지 한 영화, 연기는 수준급, 연출은 쏘쏘, 마지막 여운은 조금 딥한 정도... 기대를 안하고 본 영화 였으나 꽤나 수작이었음.  "
20170228,9,"초반 극전개가 다소 엉성하지만, 만약 이것이 우리 사회의 허술하고 무책임한 사법체계를 보여주기 위한 감독의 의도라면 정말 정확한 디렉팅이었다.  "
20170228,8,24아이덴티티보다 백만배 나은 영화다. 신발 누가 1~2점 주었냐.  
20170228,10,잊어서는 안되는 영화!  
20170228,7,관람객열심히 잘 달려갑니다??드뎌 재판합니다~끝났군요...재밌고 감동적이었어요^^  
20170228,10,꼭 보셨으면 좋겠습니다.  
20170228,10,진심 감동실화다 누가1점줫냐... 재밌음...  
20170228,10,조금전 보고왔습니다 .. 변호인과는 다른영화이지만 ..우리나라 사법부의 일부의 썩어빠진실태..두배우 모두 연기가 훌룡합니다 ㅎㅎ  
20170228,5,변호인이랑 뭐가 다른지?  
20170228,6,뭐 그냥 쏘쏘... 감동이나 딥한느낌은 없고 좀 지루함  
20170228,9,관람객진짜 마직막에 정우 강하늘 대화씬은 깊은 여운이 남습니다정말재밌게 봤고 연기자들의  연기가 대박입니다!  
20170228,7,관람객기대했는데 볼만해요 ~ㅎㅎㅎ  
20170228,9,관람객실화를 바탕으로 만들었지만 현실에게 보내는 메세지 참고합시다!  
20170228,9,과거 회상하는 장면 나올 때마다 눈물이 주룩주룩ㅜㅜㅜ  
20170228,5,관람객하품찍찍 기승전결이 없다  
20170228,9,관람객실화를 바탕으로 제작된 감동적인 영화  
20170228,10,관람객마지막 장면 뭉클하네요  
20170228,7,연기 잘하고 재밋어요근데 시원한 사이다 장면이 없어서보는 동안 좀 답답한 느낌  
20170228,9,관람객하 먹먹해짐 ㅜㅜ 법이 누굴위한게 법인지 진짜 많은걸 느낌  
20170228,10,"관람객진짜 강하늘 연기 너무너무너무 잘합니다ㅠㅠㅠ 특히 극중 어머니와의 호흡이....ㅠㅠ 강하늘, 재심 번창하세요!!!  "
20170228,8,관람객김하늘연기....ㅎㄷㄷ  
20170228,7,관람객좋아하는 연기자들이 몽땅나와서 좋았고마지막을 좀더 시원하게 해줬더라면하는게 바램이지만뭐 이정도면...  
20170228,10,관람객제발 부당한 수사로 억울한 일 당하는 일 두번다시 없었으면 좋겠다..정우 연기 멋지다  
20170228,10,명품연기로 가득한 영화  
20170228,10,관람객너무 재밌었어요 !!!  
20170228,10,관람객재밋어요 실제일어난일을 바탕으로 구성한거라 그런지 더 마음에 와닿는 영화였어요  
20170228,10,다들 연기도 너무 잘하고 헬조선이라는 단어가 더욱 떠오르는 영화  
20170228,10,관람객실화를 바탕으로 만든 영화 재밌게 봤어요  
20170228,10,관람객억울한 사람없게 재심제도 잘 활용되길  
20170228,9,정우 강하늘 연기가 너무 좋아서 몰입이 잘 되고~ 우리나라 형사들이 정말 저럴까?! 싶어서 슬펐다! 감옥에서 보낸 그 기간을 무엇으로 보상할 수 있을까~  
20170228,7,관람객조금지루했다 중후반 들어 몰입도가 많이 아쉬웟슴  
20170228,10,관람객좋은영화재미있다다다  
20170228,10,관람객woaldkskshabajsksk  
20170228,10,연기도 잘하고 시나리오도 탄탄하고 실화라서 보는내내 더 우라통이 터지긴했지만꼭 봐야할 영화인듯합니다  
20170228,10,전재산 받아보신적 있어요?ㅠ  
20170228,10,진짜 현실에는 한두명....아니아예 어쩌면 없을수도있는 멋진 변호사이다^^ 우리나라에도 실존했으면  
20170228,6,관람객실화라 안타까운 영화...  
20170228,8,관람객정의를 주장하는 조금은 뻔한영화지만 실화라는 사실에 영화가 끝날때엔 가슴이 먹먹하다  
20170228,10,관람객좋은 영화였습니다 진실이 꼭 밝혀지길 바라는 마음  
20170228,7,관람객돈내고봐도 아깝지않다고 생각합니다.  
20170228,10,관람객영화 보는내 편하고 좋았습니다  
20170228,10,관람객가슴따뜻해지는영화입니다  
20170228,10,세상사람들이 사익을 챙기면서 돈과 명예만 보며 나아갈때 정의를 품고 꿋꿋히 바른길로 걸어나가는 이준영 변호사에게 박수를 쳐주고싶었습니다 실제로는 박준영 변호사님이라지요 앞으로도 정의로운 변호사가 되시기를 바라고 응원합니다  
20170228,8,관람객볼만했습니다. 결말이 조금 아쉬웠구요.  
20170228,9,관람객엔딩을 알고 보러와서 보는내내 그래도 참고 봤어요. 현우한테 이입이 되니까 너무 억울해서 힘들더군요ㅠ 배우들 연기도 좋고 이게 실화라니 아직 살만한가 봅니다! 좋게 봤어요~~  
20170228,10,관람객쓰레기~~~마 연기 잘하네  
20170228,10,"억울한 일이 있을 때, 일이 잘 안풀릴 때이 영화를 본다면 더 좋은 선택은 없다.  "
20170228,9,정우를 좋아해서 그런가 꽤 재밌게봤습니다. 드라마장르 싫어하시는분은 지루할수도있겠지만 저는 두시간 내내 초 집중해서 봤습니다! 결론은 추천!  
20170228,7,관람객그냥..쏘쏘.. 영화가 디테일이 떨어지는거같다. 얼렁뚱땅 넘어가는 부분도 있구  
20170228,9,관람객조금 지루한 편도 있었지만 실화를 바탕으로 해서인지 현실감이 돋았고 이 실화가 대한민국에서 일어난 일이라고 정말 믿기 힘든 내용이였고 억울하게 교도소에서 OO 넘게 보낸 세월이 정말 너무 안타까웠다  
20170228,10,관람객최고입니다 열심히 살아야지  
20170228,10,관람객감동적이고 인상깊었고 너무 재미있어요  
20170228,10,관람객보고  느끼고  말하라  봐라  
20170228,9,관람객강하늘 연기가 너무 실감 났어요.억울한 누명을 풀어준 변호사가 실제 인물이어서 실감 났어요  
20170228,9,관람객열자열자열자여라져차녀  
20170228,9,관람객정말재미나게 보았숩니드 강하늘연기와 정우 연기거 예술이네요 재판과장도 나왔다면 더재미가 있울것 같았는데 아쉬운 부분이 없지어나 있습니다 이경영은 악역으로 나올줄알았눈대 아니네요 한번쭘 볼만하뉴영화인것 같숩니드 실화라고하니 재미나고재미나게 보았습니다 ㄱ  
20170228,8,관람객그럭저럭 볼만합니다!!!  
20170228,10,관람객강하늘과 정우의 눈빛연기가 제일 기억에 남는다  
20170228,8,관람객볼만합니다만 마지막엔딩이쫌 아쉽더라구요...  
20170228,7,연기도 너무 좋고 재밌었어요 근데 마지막 너무 아쉽네요 .. 재심이라는 제목에 내용은 그냥 재심성공! 뿐... 법정에서의 그 불튀는 장면을 기대했는데 똥싸다 만 느낌이네요 ㅠ  
20170228,8,관람객진실은 언젠가는 통한다.  
20170228,8,관람객재밌었지만 결말이 허무했음  
20170228,10,관람객재밌었습니다 연기들이 굿  
20170228,4,"""세상은 내 의지와 상관 없이 강자에 의해 운명이 바뀔 때가 있다""재심 영화 자체는 완전 쓰레기...갑자기 삼천포로 빠진다.재심의 꽃은 변론인데...재판과정은 없고 쓸데없는 감성팔이만..각본이 누군지 모르나...좋은 영화를 망쳤음...  "
20170228,8,관람객생각했던 내용그대로이지만 마지막에 감정이 먹먹해지고 눈물이나네요...  
20170228,10,관람객재심 재밋재심 재밋재심 재밋요  
20170228,10,이영화보면서 대한민국 검찰 경찰계가 이렇게 쓰레기였나 싶을정도로 화가나기도하면서  미안하기도 하는 마음도 들었다  
20170228,7,관람객볼만했어요... 엄청재밌지는 않은듯 ㅜㅜ  
20170228,10,관람객영화가 재밌어서 팝콘 반도 못먹음..  
20170228,6,그냥 그저그렇고 그런 볼만한정도의 영화  
20170228,10,진짜 연기 잘하네요ㅜㅜ 재밌어요 짱짱!  
20170228,10,관람객네이버페이500준대  
20170228,7,연기는 좋은데 내용이 별로 ㅜㅠ 정은 좋아해서 봤는데 흑.  
20170228,10,관람객볼만했습니다.단지 결말이 ㅋㅋ  
20170228,9,재밌었어요 ㅜㅜ 별기대 안하고 봤는데 눈물 흘리면서 봄  
20170228,9,관람객진실은 밝혀진다 지만  그 과정은 너무나 힘들고 긴 시간을 보내야하니....  강하늘  연기력에 찬사를 보냅니다  
20170228,10,열글자보다 두글자로 표현하고싶었는데 열글자이상 쓰라네요..최 고  
20170228,9,관람객배우들의 연기력에 몰입해서 봤는데 정말 좋은영화였어요  
20170228,10,관람객화나는 내용이었숩니다 실화라니  
20170228,6,뻔하고 흔한 영화 예상한 그대로 흘러가고 반전은 없음 연기는 다들 평타치지만 캐스팅미스인듯 역할들이 딱 들여맞는 느낌이 아니었음 돈내고 보기엔 아깝지만 꽁자면 볼만함  
20170228,10,관람객마지막 재판부분이 생략되어서 아쉽지만 정말 연기력부분에서 후회안할 영화  
20170228,7,주연배우 연기 진짜 잘함ㅋ 그거 하나 보러 가도 될듯 ㅋ 재판과정 없지만 그 재판장에 서기 위해 힘든 노력과 분노가 느껴지는 실화 영화이기에 꼭 보시길!  
20170228,10,관람객감동적입니다!!!!  
20170228,8,꽤볼만함 그나마개봉한것중에제일괜찮네  
20170228,9,관람객억울하게 사시는분 없도록...  
20170228,1,별 한개도 아깝다..진짜 감독도 배우들도 좋은 스토리 개같이만든 잼없는영화  
20170228,8,관람객재심신청에서 재판 ..  승소까지 연결 되지않아서 아쉬움..  
20170228,10,배우들 연기 하나 하나 너무 좋았습니다. 오랜만에 재밌는 영화 본 것 같네요 ^^  
20170228,5,내용은 가치가 있으나 솔직히 영화를 너무 못만든것 같아요..보는내내 지루했어요. 평점이 너무 높은 편인듯해요.  
20170228,2,변호인 검사외전 연장전...슬슬지겹다  
20170228,10,최고!!  정우의 명연기  
20170228,8,관람객볼만하내요 기대안해서 그런지  
20170228,8,관람객너무 좋은영화였습니다 연기력 짱짱  
20170228,2,배우들에 비해 작품성은 최악이다.좋은 배우로 영화를 이렇게까지 망칠수 있다니 ...곧 케이블TV에 나올 예정임  
20170228,8,배우들 연기력과...강하늘씨의 잘생김보러 갔다왔습니다^0^~ 내용 구성 측면에서 기대 안하고 가서 그런가....재밌게 보고 왔어요^^  
20170228,10,돈과 명예만 추구하는 세상...ㅠㅠ  
20170228,9,관람객가슴 치며 보는 영화 실화인줄 몰랐는데 실화여서 극장나오면서도 가슴을 쳤다  
20170228,10,저스티스.... 저스티스!!!!  
20170228,10,관람객앞으로는 억울한 사람이 없었으면...  
20170228,10,관람객흔한 소재였지만 흔한 소재이기때문에 현실감이 있는 좋은 영화였다  
20170228,5,고발성  영화가 언제나 작품성과 비례하진 않는다  
20170228,7,관람객너무너무너무 재미잇엇습니다  
20170228,10,관람객너무쟈밋네 하호허이거볼망호네  
20170228,9,관람객실화영화. 좋았습니다. 박준영변호사님 처럼 멋진 법조인이 많아졌음 합니다. 전재산을받아쥔 멋진 손 ㅎㅎ  
20170228,9,관람객재미있게 잘봣습니다~  
20170228,9,관람객재밌어요 그것이알고싶다 볼거에요  
20170228,9,정말 멋진 영화였습니다. 연기력 짱입니당!!  
20170228,10,사건 담당 경찰놈들과 진범 풀어준 검사놈 파면에 구속시켜야 되는거 아니냐? 정말 상식적으로 이해가 안간다.  
20170228,9,관람객시원한 통쾌한 재미입니다  
20170228,10,이게실화라니....말이되나싶었슴 ㅠㅠ...그나쁜형사는어떻게됐지?그리고 강하늘속눈썹이 예쁜것같았어요 ㅎㅎ  
20170228,10,관람객볼만해요 집중되공 좋아요  
20170228,7,관람객재심재심정우정우간하늘  
20170228,8,관람객날이 좋아서 날이 좋지 않아서.. 영화 보러갑시다  
20170228,10,나만 보기엔 억울하다능  
20170228,8,연기가 연출을 좀더 살린 느낌이 나는 영화였어여 그리고 내용이 무엇보다 의미있었네여  
20170228,10,관람객가슴 찡한 영화네요 재미로만은 볼수 없는 ㅠ  
20170228,9,관람객많은 생각들게하는 영화입니다  
20170228,9,관람객안지루하고 재밌었습니다  
20170228,10,보고싶네여 호로호호히히  
20170228,4,개연성 결여뜬금없는 결말억지 분노유발= 예고편이 제일 재밌음  
20170228,8,관람객감동적이었다.이런변호사만있으면 세상이 많이 바꿔질텐데. 잘 감상했읍니다 ^^♡  
20170228,10,관람객모든 배우들의 연기가 좋았다.마음이 따뜻해지는 영화.  
20170228,10,이 영화를 보고 이쓰레기같은 대한민국에 살면서 내가 법에대해 자연스럽게 착각하고 있다는 생각이 들었다 재미도 물론 있지만 나의 정신을 똑바로 차리게 해준 영화였다  
20170228,10,관람객강하늘과 정우 김해숙의 연기가 돋보인 영화  
20170228,10,관람객재미있게봤습니다. 부모님께 추천드려 영화예매했습니다.  
20170228,10,관람객완전편하게잘보았어요  
20170228,10,관람객너무감동적이고 잘보았습니다눈물이 많이나네요  
20170228,9,관람객잼게봤던영화네 시간장감  
20170228,10,형사들 때려패는 장면이 좀 억지스러웠지만. 그냥 나름 볼만했어요  
20170228,10,관람객^^재밌었어요^^!!  
20170228,6,관람객Dddkdbeisnwbwjnwbhwbwjwbww  
20170228,9,"관람객정우, 강하늘 연기 짱짱  "
20170228,10,참..마음이 안좋고 화도 나고 ㅠㅠ 그 경찰들은 그것이 알고싶다보니까 아직도 경찰하면서 뻔뻔하게 잘살고있더라??니들 자식들도 니네가 그런사람인거 알긴할까?꼭 알아야하는데;진실이 밝혀졌으면 경찰들 감옥에 쳐넣어야지 저런것들은 진짜 !!화가난다!!  
20170228,10,관람객꼭 봐야하는 영화입니다  
20170228,7,관람객재밌당 정우연기짱!!  
20170228,10,관람객역시 기대만큼 좋은 영화입니다  
20170228,4,솔직히 그알 약촌오거리편 보는게 더 재밌다  
20170228,8,관람객그런데로 재미있게 봤네요.  
20170228,10,관람객사회적 문제가 잘 표현된 영화  
20170228,8,관람객우리이웃들이 당하고 있는 현실이라 마음이 아프다배우들의 연기가 끝내준다!!  
20170228,10,강하늘.정우 연기짱!!! 넘잼있어요 ~~힐링되요^^후련해요  
20170228,8,관람객고구마는 먹고 사이다는 상상으로 마셨다  
20170228,10,관람객진짜 소름돋는 내용이었어요  
20170228,9,리뷰 잘 안남기는데  실화를 배경으로 깔끔하게 군더더기 없이 잘만든영화같다 정우랑 강하늘 다시보이네  
20170228,5,관람객별로엿어요기대이상은아니니듯  
20170228,10,자기 이익 위해 법을 남용해 누군가의 인생을 짓밟는게 드라마 w와 닮은 것 같다 w는 흥미에 초점을 맞추어서 심각하게 받아들이지 않았는데  
20170228,10,관람객요즘 같은 시대에 가슴깊이 와닿는 명작이네요  
20170228,2,강하늘의 높은 연기력에 1점 과 그것이 알고싶다 빵터짐 1점해서 2점 주갓으  
20170228,9,관람객과정은 잼잇엇는데 끝이허무... 두분의케미 짱짱!  
20170228,10,관람객재미있는 것 같아요 강하늘 정우 최공  
20170228,4,연기는 좋았으나 스토리전개가 앙망  
20170228,9,관람객괜찮았아요~~~ 우리는 보고서 감동을 받았지요  
20170228,9,연기를 너무 잘해서 예상가능한 내용임에도 몰입감이 엄청남.  
20170228,10,관람객강하늘/이동휘/정우!!! 완젼 케미ㅋㅌㅋㅌ  
20170228,9,관람객감동ㅎㅎㅎㅎ좋았어요  
20170228,1,부산저축은행 금감원 수사를 외압으로 중단시켰던 문구라도 재심해야 하는데 말이지..  지가 대주주인 법무법인에서 부산저축은행으로부터 57억 수임료 받아 그 중 10억 받은 것도 재심받아야 하고...  
20170228,9,관람객나름 괜찮음 볼만은 했음  
20170228,10,연기 몰입도가 엄청나다..  
20170228,10,약자를 위한 정의로운 스토리 잘 봤습니다. 감동입니다.  
20170228,10,관람객재밌게 봤습니다많은분들이 결말부분이 조금 아쉽고 어영부영하게 끝난다고 하던데 전 오히려 이런 결말이 더 상상력을 돋구고 여운이 남는것 같네요  
20170228,8,관람객오랜만에  훈훈한 영화봣네요  
20170228,9,관람객가슴이 먹먹했어요근데 끝 나는 부분이 좀 아쉬웠습니다  
20170228,10,관람객재미는있는대  다큐스럽다  계속 진지해서  
20170228,10,관람객재ㅣ밌게봤습니데이이  
20170228,5,"""또 하나의 약속""에서 보여준 감독의 스토리텔링 한계가 처음부터 끝까지 보여준 작품... 이 영화를 보느니 차라리 다음 스토리펀딩 글들을 읽는 것을 권합니다. 실화팔이를 하지 않으면 영화 자체는 너무 조약하고 빈약할 바엔 영화 제작은 이제 그만  "
20170228,9,드디어 정우가 바람 이후 영화로써 성공작을  만들어냄  물론  관객수를 포함한건 처음  
20170228,10,관람객결말이아쉽지만 개인적으로굉장히만족  
20170228,7,정우연기가 너무 거슬림..혼자 연기에 취해있는듯 오바스러웠다  
20170228,10,관람객내용 좋고 연기 좋고 전 두번 봤습니다  
20170228,8,관람객재미있음. 법용어가 제목이긴 하지만 법을 잘 몰라도 즐길수 있음.  
20170228,7,정말 사람들이 많이 봤으면 하는 영화. 실화 영화 그 자체로 의미있지만 감독에게는 많이 아쉽다. 좀 더 세밀하게 더 깊게 파고들지 못하고 겉돌게 했는지.  
20170228,9,관람객감동적인 영화네요~실화라는 사실에 마음 더 찡하게 봤습니다ㅠ  
20170228,9,관람객재밌어요!! 슬프기도하고 웃기기도하규...그래도 정우오빠 넘 멋져요♥  
20170228,9,너무 좋았습니다.  연기들이 정말 탄탄하네요.  
20170228,10,재밌었어요#! 흥미진진 초반 몰입도가 장난아니었는데 계속 장난아님 !!!대박났으면 좋겠어요!!!  
20170228,10,정우가 강하늘한테 했던말 너 살인범 아니니까 이 대사가 왜그렇게 가슴에 와닿던지 ㅠㅠㅠㅠ 너무 재밌게봤어요 인생영화급입니다  
20170228,3,관람객똥은 분명쌋는대 잘안닦인느낌...  
20170228,10,최고! 시대정신이 녹아있다  
20170228,10,관람객실화라서 더욱 마음 아프고 화났지만. 배우님들 연기가 너무 좋고 우리 모두 관심을 가져야 할 내용이기에 훌륭한 영화라고 생각합니다.  
20170228,9,관람객강하늘 연기 존나잘함 ㅇㄱㄹ  
20170228,10,정말 정의가 이기는 나라가 되길 바랍니다 너무 감동이고 여운이 남는 영화이네요 강츄입니다다들 연기를 넘 잘하시네요ㅜㅜ  
20170228,10,그 비호감 형사 나올때마다 암 걸릴뻔 했지만 진짜 재밌게 봄. 너무 무거운 내용만 나오는게 아니라 중간중간 적당한 웃음요소도 있어서 좋았음  
20170228,9,이 영화보면서 울었음..주인공들 한테 감정이입되서 눈물이 줄줄 흐르는 영화! 스토리가 좀 진부하다가 느꼈지만 볼만하다  
20170228,10,누구든지 양심껏 삽시다 볼만합니다  
20170228,10,"결말도 너무 좋았고, 정우의 마지막 변론은 아직도 마음이 아픕니다. 실화를 다루는데 있어서 감독님과 배우분들이 얼마나 고민했을지 느껴지는 영화. 이건 재미있냐아니냐를 할 영화가 아니라 그냥 봐야해요. 강하늘은 조현우였고 정우는 이준영이었던 영화에요  "
20170228,8,관람객배우들 연기에 시간가는줄 모르고 봄 정말 잼있어요!  
20170228,8,클라이막스 씬에서 정우와 강하늘의 연기 케미가 정말 가슴에 꽂히고 기억에 남아요! 가치있는 메시지와 진심이 담긴 연기가 담긴 영화라고 생각해요  
20170228,10,재미도있고 감동도있고ㅠ감사합니다 이런영화!!  
20170228,10,진짜 예전에 말하는대로에서 말씀하신것 처럼..국가 공권력에 의한 피해가..자기 잘못을 덮으려고 인정하지 않는게 안타깝다.. 결판이 안나서 이상하다니..ㅎㅎ 결론은 인터넷 검색만 해도 나오는데ㅡㅡ 거기서 끝낸게 저는 좋았던듯.  
20170228,10,박준영변호사님 감사합니다이 영화의 감독님 감사합니다  
20170228,10,지금 대한민국 현실을 뼈저리게 느끼게 하는 영화 내용전개 배우들연기 몰입 다 좋다 가슴이 먹먹해지고 눈물이 흐르고 왜 내가 저소년에게 미안해지는지? 법앞에 진실이 있는지....박준영님같은 변호사가 많았으면 좋겠습니다 감사합니다  
20170227,10,저는 재미있게 봤습니다 두 배우분 연기잘하시네요!!  
20170227,7,관람객정우연기잘한다잘한다  
20170227,10,"관람객강하늘씨 진짜 잘생겼어요!!! ㅎㅎ줄거리도 좋고, 영화 진짜 잘만들어졌어요. 꼭 보세요! 꼭!  "
20170227,10,김해숙님역시...내공이 보통이아님  
20170227,9,역시 정의는 살아있구나!! 희망이다 보자  
20170227,10,관람객재밋네요  완전몰입해사 봤어요 ㅠㅠ 역시 정우&강하늘 캐미 좋아요  김해숙님도 짱  
20170227,10,관람객강하늘 연기 완전 대박 중간 중간 코믹한 부분도 있고 김해숙씨 연기도 완전 대박이었습니다. ㅠㅠㅠ  
20170227,6,관람객잼잇엉 마지막이아쉽다 ㅎ  
20170227,10,관람객진짜 둘이 하드캐리 오지고요 실제 변호사분 존경합니다 마지막 오졌다 사과받기위해 재심을 했다..하 진짜 이거 보고 강하늘 더 좋아짐  
20170227,6,"관람객영화 속의 무엇들이 보이기엔 너무 윤곽선, 스토리만 보이는.  "
20170227,9,관람객가슴이 답답했지만 재밌게 잘 봤습니다  
20170227,8,관람객좋은 배우들과 좋은 메세지. 영화적인 재미를 조금만 더 포기하고 사건에 더 집중했으면 더 훌륭했을거 같아요!  
20170227,9,보는내내 집중해서 봤다. 같이 울고 같이 억울해하며...실제라는게 믿기지않을만큼 안타까웠다. 강하늘 연기 진짜 잘하는듯~ 멋짐~ 보고 후회안할 진하게남는 영화였다! 진심 감동...  
20170227,10,다시는 이런일이 일어나질않길  
20170227,10,관람객강하늘 정우  연기..굿굿굿  
20170227,9,억울한 주인공 연기~ 와우~!! 엔딩이 쪼금 아쉬워서 10점 못드리는게 죄송스러울 만큼 명작이였습니다 !  
20170227,10,관람객재밌다정말재미있다매우  
20170227,10,그냥 시간맞아서본건데 진짜 오랜만에 좋은영화본것같아용 ♥  
20170227,8,관람객기대안하고봤는데 재미와감동이!!! 강추합니다  
20170227,9,관람객정우와 강하늘의 연기에 지리고갑니다  
20170227,10,변호사로서의 직업적 사명감과 법은 약자를 위해 존재해야 한다는 사실 등 많은 걸 깨닫게 해주는 영화입니다.  
20170227,10,배우들 연기가 좋습니다  
20170227,10,관람객재밌어요 배우분들 연기도 잘하세요  
20170227,7,재미와 감동은 있지만 급전개가 아쉽습니다  
20170227,10,이세상에 저런 변호사만 있다면 얼마나 좋을까요~ 여운때문에 한동안 자리에서 못 일어났어요 ㅠㅠ 너무 감동적이고 너무 다행이네요  
20170227,9,스토리만 조금 더 길었더라면ㅎㅎ  
20170227,10,이건 두번 보고싶다~!!  
20170227,1,아니 결말도없고 이게무슨영홥니까 메세지만있고 결말이없네요 보고나서 남는게없는영화  
20170227,8,관람객배우들의 연기는 정말 좋은데 결말이 너무 아쉽네요~  
20170227,10,관람객정말 감동적이고 마지막에 여운이 끝까지 갑니다. 정말 감동적인 영화입니다.  
20170227,10,최고의 영화..! 연기력도 너무 좋고 영화가 주는 메세지도 좋아요!  
20170227,8,관람객재밋고 실화라는게 다행인거같다 괜찮앗던 영화  
20170227,9,관람객정말 재미있었습니다.연기력 짱  
20170227,10,이런게 천만영화가되서 널리 알려졌으면 좋겠다.  
20170227,8,관람객강하늘연기굳굳굳이동휘굳  
20170227,10,관람객다소 무거운 느낌이 있었는데보다보니 푹 빠져서 이해가 잘 되면서 몰입이 되더라구요  
20170227,8,관람객약자의편에서 일하는 단하나의 사람이 있는한 대한민국은  희망이 있다  
20170227,10,연기 잘하고  스토리도 좋네요 약간 오글거리는 부분도 있지만 결말을 알고가도 재미있어요  
20170227,10,훌륭한 연기!변호사님 존경합니다:)  
20170227,8,"관람객정말 연기가 뛰어나고, 언제끝났나 싶을 정도로 몰입감이 대단했습니다.  "
20170227,10,배우들의 섬세하고 풍부한 감정연기 알러뷰 사랑해요배우님들  
20170227,10,강하늘은 사랑입니다?  
20170227,4,"지루하고 전개가 너무 참~~한숨나옴 , 내가 만들어도. . .  "
20170227,8,관람객재미잇엇네용강하늘굿  
20170227,9,관람객연기력 오진다 인정한다  
20170227,8,관람객정우 넘 멋있당^^ ♡마지막에 뭔가 제대로 시작을 할꺼같이 끝이나버려서 조금당황스러웠음 ㅋㅋ 그래도 잼잇게 본영화  
20170227,4,너무 기대하고 봤다 . 그냥  재판 전 이야기  
20170227,10,관람객연기력 최고 ㅎㅎㅎ두번째 본 영환데 정말 더 몰입된 영화  
20170227,8,강하늘 배우를 다시보게 되였다  
20170227,9,관람객기대이상강하늘연기개짱ㅠ  
20170227,7,긴 ~그것이알고싶다 라는 평 공감합니다..아무래도 실화를 바탕으로 한것이 한계겠죠.. 그래도 배우들 연기가 좋아서 나름 몰입은 됐어요..  
20170227,9,관람객정우랑 강하늘 연기 정말 굳!!진짜 우리나라 헬조선이네요돈만 있으면 이민가고싶어요  
20170227,8,마지막에 뻔한 결론이라서 안보여준거 같은데ㅠㅜ 그 뻔한 결론을 안보여줘서 너무 아쉽ㅠㅜ 난 강하늘 어머니가 기뻐하는 모습을 기대했건만...그래도 연기랑 그런거는 짱 완전 재밌음  
20170227,10,명배우들의 명연기를 볼 수 있어서 좋았고 우리나라에 이런 잘못된 재판들이 많았을텐데 꼭 다 바로잡혔으면 좋겠습니다  
20170227,10,이익때문에 한사람의인생을망친내용을보며 화가났고 마지막에 강하늘이 한 그 일이 너무나 내마음을가슴아프게했습니다. 이 영화 만들어주셔서 감사하고 변호사님께 감사합니다.  
20170227,9,관람객실제 있었던 이야기를 감명있도록 만들었던 것 같음 인상적이였습니다  
20170227,10,관람객혼자보다울엇습니다슬퍼요  
20170227,9,관람객재밌는영화였다두번볼만큼  
20170227,6,관람객생각보다 좀 아쉬웠어요  
20170227,10,관람객10점 만점에 100점~  
20170227,10,관람객재밌어요!!!!근데 뭔가 시원하지않은느낌  
20170227,8,관람객연기자분들 모두 연기력이 대단하네요 경찰분최고  
20170227,10,관람객정말 재미있게 봤다 연기력 크으..  
20170227,10,안 보면 후회합니다. 처음부터 끝까진 아니고 중간에 수도꼭지입니다.  
20170227,10,안 보면 후회합니다. 처음부터 끝까진 아니고 중간에 수도꼭지입니다.  
20170227,9,"다들 연기 너무 좋았고, 실화를 바탕으로 해서 그런지 스토리 라인도 탄탄했어요. 보면서 중간 중간 저게 실화라는 사실에 화가 나긴 했지만.. 좋은 영화였어요..!  "
20170227,7,관람객예상대로 큰 재미나 박진감은 부족한듯요^^  
20170227,8,"자신의 이익만을 추구하는 개떡같은 세상,돈의 행복은 잠깐이다  "
20170227,10,아~~다행이다.박준영 변호사님이 계셔서 이 땅에 조금 더 발 붙이고 살아야할 이유가  생겼습니다변호사님항상 승리하시길 바랍니다  
20170227,7,관람객결말이  아쉬운영화배우들의 연기는 좋았다 강하늘의 재발견! 그치만 뭐랄까 터닝포인트가 없어서 영화가 확 끄는맛이없달까  
20170227,8,영화는 좋은 데 마지막에 재판 안해서 ㅂㄷㅂㄷ  
20170227,10,짙은호소력 있는 명연기로 내가슴을 뭉클하고 뜨겁게달아오르게 하는 시간이였습니다. 제발 뒷돈 없는 평등하고 깨끗한사회를 만들어 주시는 분들만 계시면 좋겠습니다.  
20170227,10,몰입해서 봤어요~  강하늘 원래도 좋았지만 정말 연기력 대단하네요~ 그리고 이게 실화라니 정말 화가나네요..앞으론 이런 일이 없어지는 세상이 됐으면 좋겠지만 요즘 현실을 보면 영화보다 더 씁쓸한거 같네요. 영화같은 결말을 현실에서도 꿈꿔봅니다!  
20170227,6,"관람객재밌게 봤습니다만, 다소 지루한 전개, 선과 악의 대립이라는 평범한 테마로 인해 평점을 조금 낮게 드립니다.  "
20170227,8,관람객재미있게봤습니다 조조로 신청해서 싸게 보았습니다  
20170227,9,관람객배우분들 연기가 너무 좋았습니다. 잘 봤습니다^^  
20170227,10,관람객최고의 영화 배우들의 연기력에 소름  
20170227,9,"실제 사건을 토대로 만들었다는게... 그런 현실이 참 답답하지만, 그래도 저런 변호사 분들이 계시다는 것에 아직 희망이 있구나 하는 작은 안도감이 느껴지는...  "
20170227,10,"와....정말 대박입니다 배우들의 명연기에 깔끔한마무리,정말 좋았습니다  "
20170227,9,관람객긴장감도 있고 시나리오도 완성도 높고 연기력도 좋고  몰입시키는 영화입니다.  
20170227,1,결말아쉽고뭔영화를그따구로만들었습니까  
20170227,10,1. 본격 심장이 아픈영화2. 박중헌님을 능가하는 악역3. 걱정되는 강하늘님의 몸4. 멋진 정우님  
20170227,9,관람객정우의 명 연기의 감탄한다. 하지만 결말도 자세히 풀어줬으면 하는 바램었는데.. 그냥 끝나버린게 아쉽다...  
20170227,10,통쾌했습니다!! 꼭 보시길  
20170227,9,관람객잼께 봤어용 ~반전에 반전 흥미진진  
20170227,8,관람객마무리는 아쉽지만 야무지게 몰입하면서 봤다.끝내줬다.  
20170227,8,관람객강하늘 정우의 케미도 좋고 연기도 좋았습니다! 복선이나 증인 등등을 많이 깔아놓고 다 해결해주지 않은 부분들이 찜찜했으나 (박철민님 등등...) 볼만한 영화였습니다.  
20170227,9,평론가들은 항상 평점이 짜죠  저는 정말 재밋게 봤습니다  
20170227,10,감독의 연출과 그에 따른 연기력 최고였습니다.!  
20170227,8,관람객볼만했습니다 실화를 바탕으로해서 보는내내 조금 불편한마음이었고 두번다신 이런일이 생기지않길 바랍니다  
20170227,10,여기에 나오시는 모든 배우분들 연기 정말 좋았습니다ㅠㅠ슬프고 감동적이였어요..! 오랜만에 좋은 영화 봤습니다~~흥행하길  
20170227,10,옳은일 하는 사람들이 대접 받는 세상이 왔으면 좋겠습니다.  
20170227,8,관람객재밌게 보았는데 ㅠ 마지막 재판과정이 너무 뚝 하구 끝나서 ㅠㅠ약간 허무한건 있었어여~ 그래도 재밌게 잘 봤습니다~  
20170227,10,마무리가 진짜좋았다ㅠㅠㅠ만약 진짜 재판과정까지 나왔으면 진짜 질질끄는거 같았을텐데  적당한 선에서 딱끊은듯!! 정말 재심을 통해 변화하는 인물들이나 그런거에 더 주력해서 표현한듯ㅠㅠㅠ너무좋아  
20170227,10,관람객개꿀잼어머니 연기 지렷어요  
20170227,9,관람객난 강하늘보다 정우 연기가 오지던데뻔한 내용이지만 그속에서도 진한 감동이있습니다꼭 보세요  
20170227,8,관람객화가나는 영화 마지막이 아쉬운영화  
20170227,10,배우들이 연기를 정말 다 잘함 ㅠㅠ 너무멋있었어요ㅠㅠ 피해자분이 무죄로판결나서 정말 다행입니당!!  
20170227,10,관람객실재사건을 영화로 재구성하여 진실과 거짓을 폭로하면서 일상에서 충분히 있을 수 있는 일이기에 더 공감대를 형성하는 영화였다.  
20170227,10,관람객주연 지창욱의재발견 만보여요:)  
20170227,8,관람객오랜만에 국내영화 스크린에 눈한번때지않았다  
20170227,10,관람객너무재밌게봤습니다!!!!  
20170227,9,관람객소름끼치는 감동 !!!  
20170227,6,"명연기의 열전이었으나 연출이 따라가지 못한 아쉬운 영화, 그러나 충분히 볼 만한 가치는 있는 영화.  "
20170227,9,관람객뭉클하네요잘봤습니다  
20170227,10,많이 울면서 봤습니다....ㅜㅠ  
20170227,9,관람객흠..한사람의 인생을..헬조선..  
20170227,8,관람객정우 강하늘 두배우연기 잘봤습니다ㅎㅎ그외 조연배우들도 연기잘해주시고  
20170227,10,믿고보는 강하늘 입니다  
20170227,10,마지막에 진짜 변호사 나왔을때 짱 슬픔ㅠ  
20170227,8,관람객친구는재밌게봤구 저는 살짝 지루했어요그래도 재미있게봤습니다  
20170227,6,음.. 나쁘진않았으나 스토리를 질질끄는 느낌이 없지 않았어요  
20170227,8,관람객먹먹해지는 영화. 연기력이  
20170227,10,진실은 살아있슴을 느낀 영화~  
20170227,8,관람객법에 종사하는 사람들이 추구해야 할 가치에 대한 근본적인 물음을 던지는 영화.  
20170227,5,관람객재밌긴 재밌었는데...마지막 엔딩이 많이 아쉬웠어요 ㅠㅠ뭔가 속쉬원하게 안풀렷네요..  
20170227,10,관람객진짜 좋은영화입니다 실화라서 그런지 더더욱 국잼  
20170227,9,관람객마지막이 약간 아쉬웠고 나머진 괜찮음. 마지막 경찰폭행과 살인미수까지가 픽션이 너무많이 되어있는 느낌입니다  
20170227,9,시간가는줄 모르고 본것같다..정우 연기에 더 반했다!!  
20170227,10,정말 감명깊게 봤다.실화라서 더더욱 와 닿은 영화...  
20170227,7,관람객이영화 음 볼만하다 재밌는편이구나. 몰입이된다 어!? 응? 뭐야?  
20170227,6,관람객그저 구랬고 뭔가 어쉬웠음  
20170227,7,관람객민초의소리 모두 왜면한 님들반성하십시오  
20170227,10,살면서 본 영화 중에서 최고의 명작  
20170227,9,관람객정우와 강하늘 연기도 좋았고  실제사건을 모티브로 했고 현실감있는 스토리가 좋았다  
20170227,10,간만에 재밌는 영화봤네요  
20170227,10,관람객잼있게 봤어요~정우 하믈연기 괜찬았음  
20170227,10,관람객재미지게잘보앗습니다  
20170227,10,관람객재미있네요 ^^ 굿!!  
20170227,6,재미있기는 한데 쫌 뻔한 스토리? 그리고 마지막이 아쉬웠음..  
20170227,10,관람객안녕서류해허호소효료러로  
20170227,9,관람객법이뭔가요 라는말 울림이컸어요. 양승태법무장관똑똑히 보시길!! 간첩조작사건! 한사람의 인생을 죽일수있다는것!!  
20170227,10,관람객연기 진짜 쩐다. 막 내리기 전에 봐야 합니다!  
20170227,10,연기들 너무 좋았고 진짜잼있었음  
20170227,10,우리나라에 한명씩은 있어야하는 변호사  
20170227,9,관람객중간에 약간 지루하기도 했었는데 ㅎㅎ 감동적이고 재미있었습니다 ..  
20170227,10,관람객재밋어요ㅎㅎ진짜실화라니 더 안타깝기도하고...  
20170227,8,한방이 있는 영화가 아니지만 스토리도 연기도 모두 재미있는 영화  
20170227,7,재밌음. 몰입도 잘됨..그러나 볼때 빡침 주의  
20170227,10,관람객정말재밋네요 ㅎㅎㅎㅎ  
20170227,9,"관람객다들 연기를 너무너무 잘해서, 몰입도 쭉쭉!  "
20170227,10,최고...울컥했다..  
20170227,1,관람객정말이지  고무적인내용  잼없고  의미도없는영화  
20170227,8,약간 악덕 형사에 대한 사이다 결말이 필요했으면 좋겠다.정우 명연기 최고  
20170227,8,그렇게재밋진않지만 볼만한영화입니다!!  
20170227,10,관람객강하늘연기너무좋았어요  
20170227,6,왤케 평이좋지ㅋㅋ알바푸시나..ㅜ전달하려하는 메시지는 좋았지만 표현력이 부족한영화..정우의 전재산 대사는 감동적이였습니다!  
20170227,10,관람객엄청재밌어요! 연기짱  
20170227,9,보는내내 한번도 지루한적었어고 무거운 영화를 적절하게 잘표현한것 같다 특히 강하늘 멋있더라  
20170227,8,소년의 잃어버린 10년은 누가 보상해주나? 이미 알고 있던 내용이었고 각색도 되었지만 강하늘 정우님 연기에 절절하게 가슴이 아파왔다. 다시는 이런 일이 없기를 ....  
20170227,10,관람객적절한 긴장감 재밌었어요  
20170227,9,관람객너무나 보고싶었던 영화 보게 되어서 좋았어요마지막 장면이 너무 마음에 와닿고 슬프더라구요보는내내 화가 났지만 겨우 추스리고 봤네요그10여년 넘는 동안 어떻게 살아왔을까 하는 생각에먹먹해 지더라구요  
20170227,9,이런 실화 앞으로는 이나라에 발생하지 않기를...좋은영화 잘 보았습니다.  
20170227,10,강추 국제시장 다음으로 인생명작  
20170227,7,"표현 방식이 아쉽긴 하지만, 배우들과 메시지가 빛나서 그런지 영화도 빛난다.  "
20170227,10,관람객진짜 괜찮은 영화 한편 본것 같습니다  
20170227,10,관람객재미있었습니다.추천해요  
20170227,10,관람객정말정말정말정말 재미  
20170227,10,관람객생각보다 재밌네요요요요  
20170227,1,관람객너무 뻔한 영화인거 같아요  
20170227,10,그냥 행복했다 그것도 세상에서 제일  
20170227,8,관람객담백하게 잘 만든 영화네요추천합니다  
20170227,9,관람객연기자들 연기도 좋았고 굿굿  
20170227,8,"관람객강하늘, 정우 연기가 좋았어요.약촌오거리 사건은 그것이 알고싶다 통해서 봤었는데영화로 만들어져서 널리 알려지는거 같아서 다행입니다.  "
20170227,10,관람객약간 답답하지만 재밌었다  
20170227,10,어제 보며 넘 가슴이 아팠습나다.저녁tv에서까지..요즘사회에 더 어울렸네요..분명진실은 밝혀져야는데..응원합니다.연기하신모든분 감독님 스텝분들 모두~~~감사합니다  
20170227,8,관람객실화란생각에그런지 감정이입이잘되고 사이다전개는없어 통쾌하진않았네요.  
20170227,9,관람객마음이 참 아픈 영화 우리나라의 뒷면을 보여주는 영화 지금도 누군가에게 씌워졌을 누명  
20170227,7,관람객생각하면서  보게 하는영화...  
20170227,10,연기 다들 좋았습니다.우리가 지금 꼭 보아야 하는 영화입니다.  
20170227,9,관람객양심을 저버린 사법부와 경찰의 판단으로 파멸된 인간의 존엄...씁쓸하네요..그나마 재심으로 명예회복되어 다해이구요..  
20170227,5,"관람객무거운 주제, 가벼운 연출  "
20170227,2,지루하고 뻔한 스토리에 실망스러웠네요..이런 내용.스토리전개 그 전 영화에서도 봤었던 흐름이라 신선한 느낌 전혀 없는 지루한 시간 이었네요..조작된 도시가 훨씬 잼 있어요~~  
20170227,8,관람객슬프고 마지막이 허무했지만 재밌었습니다.  
20170227,9,관람객강하늘 연기 좋아요 너무 잘봣습니다.  
20170227,10,관람객너무 재밌었어요. 배우들 모두 연기가 최고!!  
20170227,10,관람객넘 잼있어요 감동의 물결  
20170227,5,관람객잘 모르겠어요;;; 기대감 대비 실망감이 앞서네요... 배우 연기력은 좋다고 생각해서 별 5점ㅋㅋ  
20170227,10,관람객잼나게잘봄요 꿀잼이여요  
20170227,10,관람객변호사님존경합니다정말 장면하나하나 감동  
20170227,9,관람객재밋어요 꼭보세요~~><  
20170227,10,많이 울었습니다ㅠㅠ 특별히 눈물 쥐어짜는것도 아니었는데 현우가 겪었을 고통이 떠오르니.. 두 배우의 연기 정말대단합니다 추천해요  
20170227,8,관람객ㅣ보다가잣다 ㅣ잘잤다  
20170227,9,내가 저랬다면 억울해서 못살것 같네요. 다소 결말은 아쉬웠지만 법이 무엇인지 생각하는 계기가 된 것 같습니다.  
20170227,10,관람객재밌는 큰재판 장면이나오지않아도 재밋는영화  
20170227,9,관람객열받고 억울하고 재밌다가 슬프고 고구마였다가 사이다였다가 정말 표값이 아깝지 않은 영화였습니다.  
20170227,1,왜 저렇게 호평이 많은 것인지..? 내 인생 최악의 영화였다. 진심 보지 말았으면 좋겠다. 정우랑 강하늘 연기는 좋으나 대본 연출이 너무 별로라 감동도 재미도 없고 제목이 재심인데 재심 장면이 없다 ㅎ 감동도 재미도 없는 최악의 영화. 별 1개도 아깝  
20170227,9,관람객재밋는데 재판내용까지나왓으면좋앗을듯  
20170227,8,불과 몇OO전에도 울 나라에 저런 일이 있었다니 정우 강하늘? 명연기 좋네요 굿  
20170227,8,관람객정우에 연기가  돋보였읍니다아쉬움은 대중 흡수력이~~~가슴에  와닻어 눈물만 흘리게하였으면엄청 좋았을 걸  
20170227,8,관람객그래도 해피엔딩이어서 마지막엔 응어리가 풀렸다  
20170227,10,관람객오메.  이영화. 기리기리 생각날 영화네.  
20170227,9,관람객배우들연기하나하나 다 엄청 잘해요 진짜볼만합니다추천 다만 아쉽다면 실화 바탕이지만 재미를 위한 픽션의요소가 부자연스럽다는점? 그래도 정말 괜찮네요  
20170227,7,음 약간 쳐지는 구간이 없지 않아 있지만 배우들 연기가 굉장히 좋아서 괜찮았어요 다만 이동휘씨는 미스 캐스팅인듯 하네요 배역과 어울리는 느낌을 받지 못했습니다  
20170227,10,추천추천 우리가꼭알아야할이야기들  
20170227,8,"과하지도 덜하지도 않은 연출, 묵직하고 조심스러운 메시지 전달, 소소하고 조금은 익숙한 감동,  바르고 정직한 정서, 너무 영화가 착해 빠진 것은 아닐지 몰라도, 가끔 이런 영화도 있어야지! 암!  "
20170227,7,관람객쫌 루즈한 느낌도 있고 돈이 아깝다라는 생각이 들 정도는 아니에요. 볼만한 정도입니다 개인적으로  
20170227,6,그닥 잼있진 않았는데 이동희 배우님이 캐릭터가 안맞아서 그런지 몰입이 안됬음...  
20170227,10,관람객재밌습니다..맘 아펐네요 앞으로 예쁜 아이들과 행복한 일들만 있길 기도할께요  
20170227,3,관람객이렇게 좋은 소재로 이토록 억지신파극을 만들수 있다는걸 깨달음. 스포가 될까봐 자세히는 안쓰지만 중간중간 연결안되는 스토리에 이해안되는 캐릭터도 많고...투플급한우로 만든 형편없는 음식먹은 기분  
20170227,9,화가나고 울분이 터진다. 이 영화로 인해 큰 반향이 일었음 한다. 정우씨 연기 너무 인상깊었구 이동휘씨 연기는 아쉽..  
20170227,8,정말 보는내내 마음이 아팠고 마지막에 뭔가 급하게 정리되는 느낌이있었지만 좋은영화였다 가슴아픈장면들이 많았는데 마지막에 행복하게 지내는모습들이나왔으면..배우들 연기력은 최고였다  
20170227,10,강자만이 살기 편하고 자신의 이익만을 취할수록 잘 사는 사람들을 보며 화가나고 억울하네요.. 돈 없고 빽 없는 사람은 살기 힘든 세상이 너무 싫어요. 배우들의 연기 또한 최고였습니다.옥에서 억울하게 보낸 10년은 그 어떤 것으로도 대신할 수 없겠죠..  
20170227,9,관람객요약이 조금 아쉬웠지만 그래도 충분해요.  
20170227,9,연기 내용 다 좋았던 영화  
20170227,9,보는내내 화도나고 찡하기도 하고 중간중간 정우와 이동휘의 유머스러함 덕에 웃기도 했네요 대한민국 현실을 비춘 문제에 대해 생각이 많은 영화였습니다 배우들의 연기력 엄지척입니다!  
20170227,10,흔한 법정드라마가 아니고 따뜻함을 느끼게해주는 영화라서 너무좋았습니다. 정우씨 강하늘씨 김해숙씨 연기가 최고네요!!  
20170227,7,관람객요약이 많지만 좋았어요  
20170227,10,"가슴이 쿵 내려앉는 뉴스들로 먹먹한 요즘, 오히려 재심은 위로가 되었습니다. 대한민국 희망이 있다고 얘기해주셔서 고맙습니다.희망에 목마른 요즘,  박준영변호사님같은 분이 계셔서 위로가되네요^^  "
20170227,10,보는내내 가슴이아팟습니다  
20170227,6,관람객용두사미...기이이스으으으응전결!  
20170227,9,좋았습니다.비평가들 평점 꼬라지들..하고는뭔가 어렵게 쓰고 비꼬고 비유하면 유식하다고생각하는 영화비평가들 정신들 좀 하려요.예술하고 싶은거니?대중예술 하고 싶은거니?웃프다.  
20170227,7,관람객조금 지루하지만 재미있게 봤어요  
20170227,9,관람객재판장면까지 보여줬으면 좋았겠지만실화라서 더 몰입되서 봄  
20170227,10,관람객실화가 주는 리얼리티 그리고 두 배우의 연기력이 영화를 꽉 채우고 있다  
20170227,9,관람객김해숙의 연기는 심금을 울리네요~  
20170227,5,관람객사건에관련된내용이라서  
20170227,10,마음이 너무 아파요이영화를 어찌 점수로 매길 수 있나요  
20170227,10,진짜 대박이다 이영화 오랜만에 깔끔한 한국영화  
20170227,8,관람객고구마는 있지만 사이다가 없다!  
20170227,9,"명연기와 명연출, 깔끔한 엔딩 그리고 슬픈 현실  "
20170227,8,관람객마무리개판이영화뭥미  
20170227,10,관람객결말은 급하게 끝났으나 말 한마디 한마디에 울컥하고 웃었습니다. 혼자 보기에도 충분히 감명깊은 영화  
20170227,8,관람객그냥 구냥 볼만해요!!  
20170227,1,알바 많이 풀었네...  
20170227,9,관람객보다가 열받아 죽는줄 알았네요...약자는 살기힘든 대한민국  
20170227,10,결말이 진짜 조금 아쉽고 뭔가 영화보다가 나온느낌; 근데 내용은 진짜 좋고 재밌고 배우들 연기도 좋고 우리나라가 어떤 지경인지 잘보여주는것같다ㅜ  
20170227,8,관람객과연 대한민국의 법은 약자를 지키기위한 법인가  
20170227,10,꼭보세요♡♡정우하늘파이팅  
20170227,9,관람객결말이아쉽지만 잼씀ㅋㅋ  
20170227,7,"이동휘는 능청스런 친구 연기는 참 잘하는데, 정우 배신하고 나서부터는 왜 이렇게 안 맞는 옷을 입은 것 같은지...  "
20170227,7,관람객영화가 하이라이트가 없고 그냥 흘러가는 느낌이다 정우가 이 영화를 살렸다고 개인적으로 생각한다나쁘지 않고 볼만했아  
20170227,4,베스트 댓글..재심이 필요하다..  
20170227,9,관람객실화인지라 너무슬프네요  
20170227,6,배우들 연기도 좋고 내용도 좋고 다 좋은데... 감독이 너무 극적으로 만들려고 오바를 해서.. 뭔가 한끗차이로 B급영화가 된 느낌이랄까?? 감독이 좀 오글거리는 대사랑 극적으로 만들려고 오버해서 오히려 당위성이 떨어진거 없이 담백하게 풀었으면 좋았을듯  
20170227,10,관람객배우들 연기력 최고 재밌어요  
20170227,8,관람객마지막이 아쉬운..  실화라 더 재밋엇어용  
20170227,8,배우들 연기 좋고 실화라 감동이 더해요  
20170227,10,꼭보세요 연기진짜좋네요 답답한현실이지만  
20170227,8,관람객실화라 그릉가 잼나게봣다능..연기력도 굳굳!!  
20170226,9,관람객뻔한내용이지만 연기력이 최고  
20170226,10,영화 마지막에 실화라는 이야기를 듣고 기분이 참 좋았네요.  
20170226,10,방금 보고았는데 시간이 금방갈 정도로 재미있습니다  
20170226,10,정우 하늘 손색하나없네요몰입 ..최고...엄지척..  
20170226,8,관람객두 배우의 열연이 실화라는 무게를 오롯이  느낄 수 있는 영화였다  
20170226,9,배우분들 연기너무좋고 내용도 실화바탕으로해서그런지 엄청 감정몰입잘됐는데 재판신이 뭔가아쉽네요ㅠ 그래도잘봤습니다!!!  
20170226,10,관람객재밌습니다!!! 배우들연기가 일품  
20170226,7,관람객뭔가 결말이 으음....  
20170226,9,영화 재밌네요~끝을 좀더 사이다로 풀어줬음 하는 아쉬움~법이 약자에 힘이 되어주길 바라  
20170226,10,오늘 아무런 기대없이 가서 보았는데...그알을 통해 약촌오거리 사건은 대략 알고 있었지만 영화로 보니...정말로 먹먹하고 억울하고 화도 나고 눈물나고... 여러가지 감정을 영화 보는 내내 느꼈네요.지난 1년간 본 영화 중 단연 최고입니다. 연기력도요  
20170226,9,배우들이 좋아 선택했는데 후회없네요 너무 재밌게 봤어요ㅜ 전 왜 눈물나죠ㅜ 잘봤습니당~~  
20170226,9,실화라서 더 좋았고 지루하지 않고 급박하지 않아서 더더 좋았던 영화. 연기를 못하는 배우가 없어서 완벽한 영화였지만 마지막의 재판 내용을 보여줘서 승리하는 느낌을 주었다면 더 좋았을 것 같다.  
20170226,9,관람객깔끔한스토리진행에 연기력까지ㅜ재밋고슬프고억울합니다  
20170226,10,진짜 재밌다.. 꼭보셈 오늘 보고옴 ..  
20170226,8,관람객뒤가 아쉬워여  그래도 굿굿  
20170226,9,관람객초반부터 푹빠져서 넘 재밌게 봤습니다배우들 연기도 넘 좋았구요 실화라는 부분이 넘 맘이 아프더군요  
20170226,9,관람객내용이 지루해짌 잇엇는데 연기력으로  
20170226,6,마지막은 만들기 귀찮네..??아몰랑 그냥 개봉하자  
20170226,9,관람객감동적인영화입니다.  
20170226,10,"고구마로 시작해서 고구마로 끝난 영화..아쉡게도 사이다 장면은 나오지 않았지만 실화를 바탕으로 했다는것에 또 실제로도 무죄판결을 받았다는것에 시원함을 느꼈습니다. 정우, 강하늘 연기 정말 잘해요..bb  "
20170226,8,정우 연기력 진짜 미침;;; 대단한 배우  
20170226,7,관람객시원한 장면이 안나와서 갑갑함만 느낀듯..  
20170226,7,관람객그럭저럭 볼만했습니다. 마지막 법정신이  많이 아쉽네요.  
20170226,10,부패와 정의 중 어느 것이 법에 더 가까운지 고민하게 만들어주는 영화 같다.근래 본 영화 중에 가장 울림이 큰 영화라고 생각한다. 배우들의 명연기도 기억에 남는데 그 중 단연 돋보이는 건 강하늘의 연기였던 것 같다.동주를 찾아볼까 싶다.  
20170226,9,"이 영화에 박수를 보냅니다!극장안을 가득 메운, 숨조차 크게 내쉬지 않았던 관람객들.이런 관람객 여러분들과 이 영화를 함께 해서 더 의미있었습니다.  "
20170226,10,약간 오글거리긴했는데 재밌었움  
20170226,8,관람객실화라 그런지 너무 가슴아프고..이런 현실이 너무 안타갑다.  
20170226,10,!&!&!&!&!&!&!  
20170226,9,관람객재미있게 잘 받습니다...앞으로는 억울하게 사는일이 없으면 좋겠네요.?  
20170226,10,관람객보는내내 재미있었어요  
20170226,7,관람객결말을 기대했는데~~~~  기대치부족입니다~~~  
20170226,7,답답함 최고조로 올려놓고 사이다뿌리다만듯한 결말  
20170226,10,관람객정우 연기력 최고ㅠㅠㅠㅠ감동이었어요  
20170226,9,관람객정우님 다시봤어요연기 정말 좋네요  
20170226,10,관람객실화를 바탕으로 한 영화여서 자칫 지루해질 수 있었지만 저는 전혀 지루하지 않았고 정말 재밌게 봣습니다!!!!  
20170226,5,모정 우정 동원해서 눈물을 유도케함 동휘님 연기는 늘 같음  
20170226,10,잔잔히 가슴에 남는영화  
20170226,10,이게 실화라는 사실에 보면서 너무 화가났고 속상했다. 많은 것을 생각하게 한 영화  
20170226,10,전재산을 받아본적있습니까...제가 이겼습니다.  
20170226,9,관람객끝이 너무 간단해렷지만 너무너무 재밋엇도배우들 연기력이 대단햇어요! 잘 봣던 영화~  
20170226,9,관람객지금 이 순간에도 저런일들이 일어 나겠지?  
20170226,8,관람객실제인물의  억울함과  대한민국의 현주소를 보여주는 영화였어요  
20170226,7,관람객변호사와피고인의 줄거리를너무깊게잡아시간에쪼달려재판과정을안보여줘살짝고구마50개정도먹은느낌이다.  
20170226,10,"영화평점 진짜 참여 잘 안하는데...영화 너무 좋고 한번쯤 꼭 보고 진지하게 생각해볼 내용이에요 고구마 100만개 먹은 느낌. 재심해서 무죄선고받아서 정말 다행인데 이런 사건이 또 얼마나 많은건지... 변호사님,감독님같은 분들이 있어 다행입니다ㅠㅠ  "
20170226,10,관람객진쨔 감동이였어요 마지막부분이 설마했는데 끝나서 아쉬웠지만 그래도 너무 영화보는내내 안타깝고 짠하고 그랬어요ㅠㅠ ㅠ 힘내세요 10년의세월보다 앞으로의 삶이 더욱 행복해지기를 바래요!  
20170226,1,알바넘들아~ 다른영화에 테러 그만해라  
20170226,9,관람객배우들 연기도좋고 적절하게 빵 빵 해주고 이년만에 영화관에서 영화봤는데 좋게 재밌게 잘 봤습니다~  
20170226,5,지겹다.. 재미없다. 잠이온다.  
20170226,10,실화라니 깜놀입니다. 넘 억울!!!연기자 분들 명연기에 박수를~~~  
20170226,10,관람객진짜완전꿀잼 핵잼 완전기대안하고받는데 완전 기대완전 대대대대 이상 ㅎㅎ 끝쯤에 약간허무하게끝나는거빼고는 진짜 내용전개 이해도디되게니오고 완전 꿀잼 정우 완전 멋있어여!!!ㅎㅎ  
20170226,9,관람객재밌엇어요 역시 믿고보는 정우  
20170226,10,관람객이런일이 다시는 없었으면 하네요~~  
20170226,10,관람객진짜 답답한헬조선 ㅠㅠ  
20170226,10,제2의 변호인 명작입니다  
20170226,7,관람객처음부터 끝까지 재미는있는데 마지막에 진짜 허무하네요 그래도7점드려요  
20170226,9,관람객감동적이긴한데 좀 지루한면이 있네요  
20170226,10,관람객참편리하고 써비스 좋네요  
20170226,9,관람객좋아요. 재밌게봤어요  
20170226,1,"배우들 악역, 선역의 훌륭한 연기력 외에는 건질게 없던영화!실화를 영화적기법으로 너무 억지스럽고 어거지같은 전개와 연출력 각본 등등 너무 실망스러웠던 영화!  "
20170226,8,관람객넘나재미있는재심이었습니다  
20170226,10,명연기 명연출 가슴절절한 실화가 바탕이 되주었네요  
20170226,9,관람객잘봤습니다.실화라니 믿기지 않네요  
20170226,8,관람객배우 좋고 소재 좋고. 그러나 개연성 부족.  
20170226,10,지렸다 1000만 넘었으면 한다 쌍판년도도 아니고 2001년에 이런사건이 일어났고 저런경찰이 있다는게 치가떨린다 연진짜 지렸진  
20170226,10,처음엔 조금 지루하다가 완전 몰입해서 보고왔어요. 분노하고 마음아파하면서 눈물 쏟았습니다. 배우분들 모두 명연기 감사해요!!  
20170226,6,"배우들 연기, 특히 정우가 멋졌으며, 대사가 주옥같음! 근데 실화 모티브에 실제 지명과 이름을 썼음에도 기승전결을 만들기 위해 억지로 넣은 장면들이 오히려 영화의 내용과 가치를 저해한듯해서 전체적인 완성도는 낮았음! 연출의 실패인가ㅡㅡ  "
20170226,10,관람객가슴이 뭉클..인간미를 느낄수 있는 영화입니다  
20170226,10,관람객재미재미쟈미재미재미  
20170226,10,관람객강하늘 배우 이렇게 연기잘하는지 몰랐네요. 중간에 울컥하고 눈물날 정도로 정말 찡하고 감동적인 영화였습니다~♡  
20170226,9,관람객잼있다. 막판에 왜 무죄가 되는지 디테일하게 알려주었으면 더  잼있었을텐데. .  
20170226,10,관람객진심 재미있었음...최고임  
20170226,10,연기도 정말 잘하고 내용도 탄탄했다  
20170226,8,재밌게 잘봣습니다. 정우 짱  
20170226,9,관람객감동적이고 사건에대해 조금더 알수있었고 관심을 더 가져야겠다고 생각했습니다 배우의연기들도 짱이였어요ㅠㅜ  
20170226,8,관람객주말에  시간가는줄모르고 잘봤어요  
20170226,10,마지막이 좀 아쉬웠지만 기대이상으로 재미있게봤습니다!  
20170226,7,관람객실제라니까 대단한 이야기네요..!  
20170226,10,너무 재밌고 시간이 훅훅훅 마지막이 쪼굼..그래도 꿀잼  
20170226,10,너무 재밌고 감동적이네요  
20170226,10,알고봐도 헬조선이로구나...  
20170226,9,무겁지않게 잘 풀어낸것같다~ 웃으며 볼 수있어좋았고 그래도 감동이 있어 좋았다.  
20170226,10,계속생각나 최모군..  
20170226,10,근래에 본 영화 중 최고였다  
20170226,10,관람객보는 내내 몰입이 진짜 장난이 아닙니다!!  
20170226,10,관람객  재밋어요 빠져듭니다 ㅎㅎ  
20170226,10,관람객꿀잼 핵꿀잼! 너무 재밌었어요  
20170226,10,관람객재판과정이없어서 쪼꼼 아쉬웠지만 잘봤습니다 보면서 먹먹하고 감동이였네요  
20170226,9,관람객너무나도 너무 감동적인 영화입니다 대박  
20170226,10,관람객재미져꿀재허니잼  
20170226,9,관람객물질만능주위와 권력에 빠진 사람들에게 뒷통수를 때려주는 영화인거 같다  
20170226,7,좋은 소재 좋은 배우 엉성한 사건 엉성한 전개.감동을 주려고 애쓰지 않지만 잘 찍으려고도 애쓰지 읺은 것 같아 씁쓸하다  
20170226,10,관람객강스카이 우주 대존잘 쏘 스윗♡  
20170226,6,관람객그냥 볼만했어요.. 내용전개는 예측할수있어서 좀ㅋ  
20170226,10,겉으로 보이는 것을 너무 당연시하는 사회.. 조금만 더 깊숙히 파고들어 알아본다면 그 속은 전혀 다르다는 것을..  
20170226,9,관람객뻔한스토리 뻔한 진행인데 전혀 뻔하지 않은 연기 지루하지 않은 연출이었다. 결말은 뭐지?하는 느낌 들 수도 있는데 개인적인 느낌으로는 나쁘지 않았음. 열린결말치고는 괜찮았다  
20170226,10,관람객ㅠㅠㅠㅠ꼭보세요 정우랑 강하늘연기는 정말..  
20170226,10,배우 한명한명 모두 연기력 최고  
20170226,8,관람객적당히 훈훈하고 슬프고 재미진 영화였어요개성있는 여러배우들이 모여 배우들 연기 보는 재미도 있고간간히 코믹한 부분이있어 지루하지 않은 영화였습니다^^  
20170226,10,관람객강하늘 잘생겼어요 완전  
20170226,9,관람객실화라서 더 재밋었네요 정우씨 연기가 정말 일품ㅎ 재밋게봣습니다  
20170226,10,진짜 재밌 ㅜㅜㅜㅜ연기력 굿  
20170226,8,관람객잘 봤습니다 끝에 약간 연출이 억지스러웠는데 내용이 좋아 재밌게 봤어요  
20170226,7,재심을 비롯한 요즘에 나오는 영화들 모두(이를테면 더킹..판도라..마스터...등) 이런것들 모두 작품성이나 영화의 재미라던지 연출이 뛰어나진 않은듯하지만 그것들이 다루는 내용 자체만으로도 의미있고 꼭 알아야하는 내용을 알게 된 것 같은 영화인것같다.  
20170226,10,관람객연기가 너무오졌습니당 무죄여서 다행이고  
20170226,10,관람객기대안하고 봤는데 주연 배우들 연기 잘 하시더라구요특히 막판에 몰입도 쩌네여  
20170226,10,관람객꼭보세요 재심계속보세요 ㅎㅎ 넘좋습니당~  
20170226,10,관람객재밌어욬ㅋㅋ꼭 보세요.  
20170226,9,관람객끝에 재판에서 이기고 포옹하는 신이 있었으면더 감동이지 않을까 생각해봅니다!!!  
20170226,7,관람객재미있었습니다. 다만 조금 아쉬웠습니다. 재판과정 이야기가 조금 더 들어있어더라면 완성도가 다 높았을거라고 생각합니다.  
20170226,9,진짜 배우들 연기가 너무 좋았습니다 줄거리는 신선하지는 않지만 정말 배우들연기에 시간가는줄몰랐네요  
20170226,9,관람객아..정말  재밌네요.꼭 봐야할 영화..  
20170226,2,뭔내용인지는 알겠다 무엇을표현하려는것인지도 알겠다.  너무빨리알아버려서 결말은 시원하겠지하고 끝까지봐본다.  자막3줄로 마무리되는 결말에 이게뭐야라는 허무함만 가득히남는다.  2점이적당하다.  
20170226,9,관람객재미있는 영화입니다 ㅋㅋㅋ  
20170226,10,관람객생각보다 잼있다.볼만하당  
20170226,10,관람객너무너무 재미 있네요 연기도 다들 너무너무 잘하시고 아들이 어린이집 방학이라 마눌님하고 올만에 데이트하는데 고른 영화 강추네요 올만에 영화보고 강동도 받고 쵝네요  
20170226,8,너무너무 재미잇었어요 ㅎ  
20170226,9,"연기력좋아서 더 몰입이 잘됩니다나쁜 검사, 형사놈들 잘 살고 있니  "
20170226,9,다르게 생각해보면 정말 뻔할 수 있지만 연기력이 뻔한 스토리가 줄 수 있는 지루함을 많이 줄여줬다 생각합니다.  
20170226,9,관람객정우의  명연기에  감동받았음~  
20170226,6,관람객뜬금없이 끝나버려서 별..  
20170226,10,관람객연기력이좋아더집중됨  
20170226,9,억울함에 감동 우리나라 경찰검찰 나무 썩었다  
20170226,9,관람객볼만한 실화 영화였습니다  
20170226,10,관람객가갸거겨고교구규그기가나다라마삽나가거나너  
20170226,10,관람객진짜 이런일이 두번다시 일어나지 않았으면 좋겠습니다. 박변호사님 너무 멋지세요  
20170226,10,최고최고영화입니다 변호사님 멋짐  
20170226,2,"주제, 취지, 감동, 배우들의 연기력은 좋았으나 영화 전반적인 기본적인 구성이 미완성급하게 제작한것 같은 느낌..  "
20170226,1,그냥 노잼 노잼 노잼 노잼 노잼  
20170226,6,영화가 막 시작할거같은대 급하게 끝나는 느낌  
20170226,10,무거운 법정영화가 아니라 감동적이었어요. 실화를 바탕으로 결말이 정해져있음에도 불구하고 정우와 강하늘 두배우의 연기에 몰입하고 보게 되는 영화입니다. '도가니'나 '소원'처럼 실화를 바탕으로 제작되어 재심사건에 대한 국민의 관심도 높아지면  
20170226,10,관람객억울함이 늦게나마 풀린것에 제맘또한속시원했답니다  
20170226,9,관람객정우랑 강하늘씨 완전 팬 입니다~~^^  
20170226,9,"관람객어디까지 실화이기 어디부터 픽션인지 모르지만... 정말 동화같은 결말이다! 영화의 시작은 썪은 세상때문이었지만, 또 우리 세상이 마냥 썪어있지만은 않을 수도 있겠다는 희망을 주는 결말이랄까..  "
20170226,9,관람객힘없는 이들에겐 법이 더 무섭네요..공정하고 안전한 세상이되길 바라며저은영화 만들어 주셔 감사합니다.  
20170226,10,관람객멋있고 재밌는데 끝이 조금 아쉽..  
20170226,9,관람객안타까움과 감동이 함께하는 멋진 영화에요~~~*  
20170226,10,관람객배우들 연기도 좋고 잘 봤습니다  
20170226,8,관람객 영화 재밋게잘봣습니다~ 끝이 약간 아쉽긴하네요 ㅜㅜ  
20170226,10,관람객대한민국 국민이라면 봐야하는 영화!  
20170226,9,관람객재밌어어??ㅠㄴㄱㄷ  
20170226,9,관람객킹갓제네럴쇼킹충무공띵작  
20170226,9,관람객재밌어요여용:)))  
20170226,8,관람객대체적으로 괜찮았습니다  
20170226,8,관람객재밌었지만 결말이 아쉬웠습니당 ㅜㅜ  
20170226,6,관람객음 처음도입은 나쁘지 않았다 흥미를가지고 영화를 봤는데 어느순간부터 뜬금없는 인물들이 들어나면서 정작 우리가 원하는 사이다 같은 내용이 나오지 않은게 너무 아쉬웠다 너무 주인공이 범인이 아니라는 그런 내용만 강조한거 아닌가 아쉬웠다  
20170226,8,관람객강하늘  연기  최고 !!!정우와  강하늘의   연기  정말  볼만하네요.내용도  재미와  감동도  더해지고간만에   멋진영화였습니다^^  
20170226,10,관람객오랜만에 여운이 남는 영화 잘 감상했습니다배우들의 연기가 돋보입니다  
20170226,8,관람객몰입감높고 연기력들이좋은영화였습니다  
20170226,6,내용은 좋았음 실화인것도 하지만 거기까지  
20170226,10,관람객정우의 연기가 좋았습니다.  
20170226,9,관람객잘봣어여 기대이상으로 재밌네요  
20170226,10,오랜만에 정말 좋은 영화봤어요. 후회없는 선택일거에요!  
20170226,8,관람객연기는 좋아요~~~ㅎㅎㅎㅎ  
20170226,8,통쾌할 찰나 끝나버려 아쉬웠다. 진짜 대한민국의 법은 약자에게만 강하고 강자한텐 약하다.  
20170226,9,관람객한번은 볼만한영화인듯~  
20170226,10,관람객졸라 연기핵잘하고 잼있었음  
20170226,9,관람객꾸르잼ㅋㅋ무엇보다실화라서감동이네요  
20170226,10,재미와 감동 둘 다 챙긴 영화  
20170226,10,꼭 한번 봐야 할 영화~!!  
20170226,7,관람객기대에는 못미쳤지만 볼만했음 ㅠㅠ  
20170226,9,억울한 누명을 쓴 사람이 이사람이 다가아니다영화보면서 하염없이 눈물을 흘리며  
20170226,6,관람객강하늘 연기는 볼만하네요  
20170226,8,관람객개연성도 좋고 유치하긴 해도 재밌어요  
20170226,8,관람객배우들의연기와실화라는바탕으로재미있게봤습니다.  
20170226,10,관람객실화라서감동이엿고돈주고보ㅏ도아깝지않은영화  
20170226,10,잘만든영화 굿굿굿입니다요  
20170226,8,관람객마지막 재판에서 이기는모습을 보여줬으면 좋았을걸. 아쉬몸  
20170226,7,관람객조금 지루한감은 있었지만 재밋었어요  
20170226,10,조금 아쉬워지만 잼있었던 영화  
20170226,9,관람객역시 강하늘! 되게 억울해보였어요ㅠ  
20170226,9,관람객예전에 방송에서 다뤄졌던 사건이라 대강 내용을 알고봤는데도 주인공의 억울함에 또 한번 분노가 치밀었어요. 실제 주인공의 행복한 생활을 응원합니다.  
20170226,10,관람객연기력이 훌륭합니다. 실화라는게 참 씁쓸하네요ㅜㅜ  
20170226,9,관람객너무너무 감동적이었어요~~~  
20170226,10,관람객잼있어용 흐흐 정우좋음  
20170226,7,연기가 좋아요~~근데 넘 속상하네요  
20170226,10,마지막이 아쉽긴했지만 꿀잼  
20170226,9,처음 후기남겨요 두번 울었고 너무 잘봤어요 생각이 많아지네요. 진짜 잘봤습니다^^  
20170226,9,관람객좋았어요 정말정말정말  
20170226,9,관람객강하늘의 연기력 갑!!!언제나 정의가 승리하는 세상이 되길^^  
20170226,10,오늘 엄마랑같이영화봤는데 엄청재밌게본거같아요^^ 가족들하고같이보는것도좋은거같아요 강하늘배우님하고정우배우님도 연기잘해서보기가좋았어요^^  
20170226,9,관람객배우들 연기력이 최고였습니다!  
20170226,7,감동적이었다. 세상에 이런 변호사들..뿐만 아니라많은 사람들이 자신의 일에 사명감을 갖고 산다면정말 좋은 세상이 될 것 같다.  
20170226,10,관람객정말보는내내  분노가치밀어오르네요ㅜ 얼마나억울하셨을까 라는생각도들구요ㅜㅜ  
20170226,8,관람객다 좋은데 끝이 허망하네요  
20170226,8,변호인 생각하고 보시면 안됩니다 ㅋ  
20170226,10,관람객잔잔한 감동을 주는영화배우들의 연기력 짱~^^  
20170226,10,관람객아쉽게 끝나긴했지만내용에 빨려들어갔음  
20170226,8,관람객재미있게 봤습니다. 많은 생각을 하게 하네요.  
20170226,10,관람객그래  진실이 승리하는 사회  
20170226,8,관람객볼만함재밌어요 지루함없이봄  
20170226,9,관람객정우연기력역시..! 강하늘은두말하면잔소리고 재밌게잘봤어요  
20170226,10,관람객감동적인 마지막 스팟 뭉클했습니다  
20170226,6,관람객영화 구성의 짜임새가 없으며 결론이 너무 싱거움  
20170226,10,관람객볼만함!  재밌듬!  볼만함여  
20170226,9,관람객영화짱짱맨입니다!!!!  
20170226,10,관람객입소문 탔으면 좋겠는 영화  
20170226,2,관람객솔직히 진짜 재미없음. 줄거리만 질질 끌다가... 휴... 그냥 평점2점  
20170226,7,"관람객네이버  영화순위 2위 기대하고 받는데, 생각보다는 기대에 만족하지 못했네요. 먼가가 지루했던 영화..  "
20170226,10,관람객그동안 조작된 범인이 얼마나 많을까 생각해본다.  
20170226,9,관람객지루함 없이 너무 잘봤어요~~  
20170226,10,관람객생각을 많이 하게되는 영화였던것같습니당 남자배우들의 연기가 멋졌습니다.  
20170226,8,관람객음..조금은 마무리가 아쉽다  
20170226,10,정우.강하늘 팬됐음.연기 굳  
20170226,9,마지막이 살짝 허무한 영화.  법정에서 정우가 강하늘을 변호하는 장면을 더 보여주길원했는데 그냥 뚝하고 끊겨버려서 아쉬웠달까...  
20170226,1,이상한 실화영화 나오지말아라  
20170226,10,정우 강하늘 연기너무잘하네요결말이 좀더 끝까지보여줬음하는 아쉬움은있지만재밌었어요실화라는게 정말분통터지네요  
20170226,10,관람객실제배경으로 해서 그런지 더 감동이였어요 강하늘 진심 잘생겼어용  
20170226,10,관람객너무 재미잇게 봣습니다^^  
20170226,8,관람객볼만한정도 였습니당ㅎㅎ  
20170226,10,관람객인터넷으로만 알았던내용이었는데이렇거보니 이해가쉽네요암튼 정말 잼있습니다  
20170226,9,관람객마지막이 살짝 아쉬웠지만 좋은영화였어용  
20170226,7,관람객실화영화라 더 가슴에 와닿았습니다 재밌네요  
20170226,9,관람객우리 사회에 정의가 살아나기를..  
20170226,8,관람객그저그래요. 큰 감동은 없어요  
20170226,8,재밌고 배우들이 노력하는모습이보여 좋았습니다  
20170226,10,박수! 정의를 위해 끝까지 포기하지 않는 사람들의 열정!!  
20170226,9,스토리 상으로 전개되는 것과 연기자들의 연기는 평가를 내릴 수가 없네요 ㅋㅋ 다 좋은데 마지막에 판결내리고 그 형사들 처벌 내리는 것을 보고 정의구현을 봤었으면 더 속이 후련했을텐데 말이죠..  
20170226,9,감동적이고 재미있습니다  
20170226,10,"배우들 연기는 물론, 영화를 통해 사건이 한번 더 조명되어 최고의 영화였습니다.  "
20170226,10,관람객굿 재미있네요ㅋㅋㄲㅋ  
20170226,8,좋았어요 스토리도 연기도.재판과정이 제대로 안나와 아쉽긴 했음  
20170226,10,관람객인간에대한 가치기준과 돈이면 다되는 가치관의 부재가 낳은 무서운 세상에 단비같은 영화 아직도 우리사회가 건강한건 바로 이분들 때문인거 같네요~재심 변호사님 박형준 변호사님을 응원합니다~그리고 세상을 바꾸는건 이나라에 사는 시민들이라는걸 세삼 깨닫습니다  
20170226,7,관람객짜증나는 현실 답답한전개  
20170226,10,정말 극찬입니다!!!꼭!  보셔야해요ㅠ ㅠ  
20170226,9,관람객좋은영화. 좋은사회.모두의 희망입니다.  
20170226,8,"관람객재밌었다.,..^^  "
20170226,7,관람객잔잔히 볼만함 움 ~ 쏘쏘  
20170226,9,관람객마지막 결말이 조금 아쉽지만 재밌었고 배우들이 연기를 다 잘해서 몰입이 잘되던 영화였다  
20170226,9,관람객연기굿 재밌었어요~ㅋㅋ  
20170226,9,관람객실제사건을 배경으로 해서 그런지 몰입도가 높네요.뒷마무리가 조금 아쉬운게 단점입니다.  
20170226,10,관람객굳굳 진짜 재밌어요 꼭 볼 영화  
20170226,9,관람객  잔잔하면서도 의미가 있던 영화  
20170226,9,관람객연기력이 좋습니다.전반적인 분위기나 스토리도 실화를 바탕으로해서 진지하고 재밌었습니다  
20170226,8,관람객정우 연기가 미쳤다 꿀잼  
20170226,8,관람객재미있어요 강하늘연기잘삼  
20170226,8,관람객너무 화가나고 분한데 다행이 진실이 밝혀져 다행이네요~~  
20170226,8,"억울한 사람 없는  좋은 세상 만들어요,~~ 박준영 변호사 화이팅  "
20170226,10,관람객진짜 한장면 한장면 몰입도 완벽한 영화알아도 다시한번 볼 필요가 있는 영화..  
20170226,10,관람객적당한 무게감으로 과하지 않게 메세지를 전달해준 영화  
20170226,8,관람객배우들의 연기가 굉장히 좋았습니다  
20170226,7,실화라는것에 먹먹해졌던 영화.강하늘씨 멋진역활 했을때 보다 더 잘한듯  
20170226,6,흔한 신파극. 감동도 재미도 놓친 그저그런 평작  
20170226,10,정우는 황정민의뒤를이을 명배우다  
20170226,9,관람객재미잇어여~~~~!  
20170226,10,정말 무서운건 이 이야기가 실화라는겁니다 .... 대한민국 진짜 무서운 나라인듯 ;;아무튼 흥행배우 정우씨 화이팅 ㅋ  
20170226,10,강력 추천합니다~!!  
20170226,10,관람객재심 혼자보고왔는데 꿀잼이애오  
20170226,9,"관람객마지막 엔딩이 쉽게 끝나서 너무 아쉬웠습니다.하지만 전체적으로는 감동이였고,연기도 짱!  "
20170226,10,관람객몰입 좋았고 경찰아재는 깡팬지 경찰인지 몰겠음ㅋㅋ암튼 꿀쟘 굿굿  
20170226,3,이 영화를 통해 개나 소나 영화를 만들수 있다는걸 깨달았음.배우들 연기 봐서 2점 더드림  
20170226,8,관람객재미있게잘봤습니다열자  
20170226,8,관람객실화여서ㅠㅠ 더 맘이 아팠던 영화이런~~앞으로 이런 일이 없길  
20170226,10,관람객영화 잘 봣습니다ㅜ 역시 정우. 강하늘  
20170226,9,관람객배우들의 탄탄한 연기력과 긴장감있는 스토리 만족합니다  
20170226,10,관람객꿀잼 인듯요 재밌었어요 굿굿  
20170226,7,관람객실화라더감정이입쩔고요  
20170226,8,관람객결말이 아쉽지만 역시 정우강하늘  
20170226,10,아직 영화 못봤는데 이 영화 실화죠? 어디서 비슷한 얘기 들은적이 있는거같은데  
20170226,9,관람객너무 재밌었어요 ㅠㅠㅠㅠ감동  
20170226,10,관람객연기력 인정 짱잼있게봤네요  
20170226,9,관람객실화라서일까요? 아니면 스스로 깨달아가는 과정을 그려서실까요? 감동적이었습니다  
20170226,8,관람객강하늘 정우 진짜 연기력은 짱짱!!! 우리나라 사법부의 그림자를 잘 나타내줬지만 내용 개연성이 조금 부족했엇던 느낌..? 살짝 아쉬웟던 영ㅇ화...  
20170226,10,관람객배우들 연기력에 10점 !!!!  
20170226,6,관람객한껏 긴장감 올렸다가 카타르시스가 살짝 부족한 느낌.  
20170226,7,관람객좋은소재인데 너무 드라마틱함 tv드라마 보는줄  
20170226,8,초반에 스토리 이어지는게 툭툭 짤려나가 개연성이 조금 아쉬웠지만 뒤로가면갈수록 정우랑 강하늘 연기로 커버치는 영화네요  강하늘 연기는 점점 늘어가는것같아요다음영화에선 다른캐릭터도 보여주세요 ~  
20170226,7,관람객처음엔 괜찮네 하고 관람했는데   끝 마무리가  이건 모지~~  
20170226,8,뻔한 내용이긴 하지만 실화를 바탕으로 한 영화이기에 뻔할 수 밖에 없다고 봅니다. 영화에서도 실제로도 뻔했던 결말이 좋은 결말이었으니까요! 배우분들의 연기덕분에 지루함 없이 몰입할 수 있는 영화였습니다!  
20170226,9,너무 재밌지만 마무리가 아쉬운 영화 그렇지만 정말 재밌아  
20170226,10,관람객너무너무재밌어요 짱짱  
20170226,8,관람객재미있게 봤습니다. 연기도 잘하고요  
20170226,6,뻔한 스토리 전개 하지만 빛나는 연기력  
20170226,10,관람객집중하며 볼수있는 영화 ㅎㅎ  
20170226,8,관람객암을일으키지만 정말 실화를토대로한 영화다보니 더집중해서보게됨 연기들도 굿  
20170226,10,변호인 급이네요 정우 연기잘함  
20170226,10,관람객밝은사회가 되기를  기원합니다  
20170226,7,배우들의 명연기와 한국의 지극히 악랄한 현실을 증영한 영화라는 점에서 좋은 영화다. 다만 결말으로 다가가는 과정이 특색없이 지루하다  
20170226,10,관람객와 쥑이네요 몰입도최강입니다 잘봤습니다 ㅎㅎ  
20170226,1,ㅇ노잼 개노잼 상노잼   그냥노잼 그자체 돈아까움 보지마셈 망작임  
20170226,9,관람객시대의 영화 역사적인 영화 잼나네요  
20170226,10,관람객대한민국 사법부 개혁이 꼭 필요한시점..  
20170226,10,오랜만에 본 명연기..  
20170226,9,관람객대한민국 현실을보여주는 영화  
20170226,10,별 기대없이 봤던..강하늘  잘하네..  
20170226,10,미안하다는 말을 꼭 전해주고 싶었던 영화  
20170226,10,관람객재밋어여 배우들연기최고!  
20170226,7,관람객답답하기도하고 슬펐다  
20170226,10,관람객답답하면서도  시원한...그리고 현재 진행형  이라는게  화가나지만...그래도  꾸준히  두드리면 된다는 속 시웍함을  봤어요~  정우  강하늘....너무좋습니다~~^^*  
20170226,10,관람객재밌네요ㅎㅎ점심엔 칼국수  
20170226,9,관람객배우들 연기가 좋아서 몰입이 잘되고 재밌어요  
20170226,9,관람객영화가 흥미진진하니 재미가 있었습니다  
20170226,9,관람객결말이 줄거리에 비해 약한거 빼면 재미있었다.  
20170226,2,관람객전 너무 지루하고 별로였어요...남편한테 재심보자그랬다고 쿠사리받음ㅠㅠ  
20170226,7,관람객마무리가 좀 아쉬웠던 영화  
20170226,10,관람객사회정의가 바로서야 나라가 섭니다 국민이 나라의 주인이거늘 요즘은 무개념의 인간들이 몰잘했다고 꼴통짓하고도 잘못없다고 그러네요 박변호사님 추천합시다  
20170226,3,관람객기대없이봤는데 볼만했어요.  
20170226,1,평점 알바가 있다는걸 첨으로 느낀영화.  
20170226,10,관람객최근들어가장집중되는영화였다 시간가는줄모르게하는특별함 대단함 그런건 아니지만 마음을울리는한국인의정서  
20170226,10,오랜만에 제대로된 영화보았네요 강추입니다  
20170226,10,"비상식이 상식이 되어버렸던 시대, 그저 죄인이 필요했던 시대, 그리고 지금까지도 지속되고 있는 그 시대.  "
20170226,10,관람객아나아아우랑아ㅏ어거거유류류ㅏㄱ  
20170226,7,관람객재미있습니다 굿굿!!  
20170226,1,재미는 없지않으나 감동과 짜릿한 맛은 없음...똥싸고 안닦은 느낌이랄까???  
20170226,5,정의구현 메세지를 전달하고자하는 의욕이 너무 강했던것에 비해 밋밋한데 심지에 감동까지 요구받는것에 피로감이 쌓임;  
20170226,6,관람객실화라니 볼 만...  극은 그것이 알고 싶다보다 재미가 떨어지네요.  
20170226,10,관람객법은 누구를 위한 것인가  
20170226,8,강하늘씨 연기 잘봤어요 정말 최고로 감정몰입도 잘되고  시간가는줄 몰랐어요  
20170226,5,내용도 별거없고 결말도 영화 끝나다 만거같음 급하게 마무리 지은듯 기대를 안하고 봤어도 실망했네요  
20170226,10,관람객구구굿굳굿굳구슥굳굿구구굿  
20170226,10,누구를위해 만든 법인가요.. 화가났습니다.. 다시 한번 대한민국 법의 두얼굴을 봤습니다.  시간가는줄모르고 봤습니다.  배우들의 연기도 영화에  몰입할수밖에 없었던 연기였습니다.  
20170226,9,관람객좋아요~~^^마무리부문이 조금 아쉬워~~  
20170226,10,관람객재미있게 잘 봤습니다 엄마인 김해숙씨 연기에 눈물이 났네요  
20170226,10,관람객강하늘. 그 하나만으로 충분하다  
20170226,10,연출이 어떻고 하는 애들은 좉테랑 볼땐 엄지척 따봉했겠지 진짜 영화 볼 줄 모른다 제목만 보고 거르는게 반이상이지싶다 법알못 무지랭이 헬조선 떼법충 수준이 별 수 있나  
20170226,10,관람객강하늘 정우 연기력이 갑인 영화입니다  
20170226,7,관람객연출이 조금 아쉽지만 배우들의 연기력이 볼만했어요  
20170226,8,연기 정말 잘하더라 ..  
20170226,10,관람객존잼탱이고보면화가너무나지만슬프고도재밌어여ㅠㅠ  
20170226,4,왜이렇게 고평가 됐는지 의문  
20170226,8,나쁘진 않은데 어딘가 조금 부족하다 느껴지는 영화  
20170226,10,관람객진짜재밋고너무화나고슬펐다꼭보셈나보고움.그래도해피엔딩이라좋음  
20170226,9,재밌음!정우 너무 연기 너무 좋고ㅠㅠ강하늘 이동휘도!  
20170226,6,감동끌어내는 장면이 미숙했었던거같아여ㅜ 재판중심으로 했더라면 좋았을거라 개인적으로생각해요  
20170226,10,실화를 다룬 영화라서 우선 믿고봤습니다 !! 영화보는 내내 배우들의 연기력에 몰입도 최상...  
20170226,8,"제법 긴장감있게 끌고 간다. 하지만 영화가 끝나면서는 , 재심재판 과정이 다루어졌으면 더 좋았을 것 같은데 하는 아쉬움도 있다.  "
20170226,10,관람객실화라니...너무 화난다끝마무리가 좀 그렇지만 그래도 괜찮았다  
20170226,9,관람객정우는 원래 연기잘하지만 강하늘을 다시보게되는영화네요  
20170226,10,관람객재밋게봤어요 사건을모티브로한영화라 좋게봤습니다  
20170226,10,돈보다갑진것은 노력과 믿음 인 것 인가?  
20170226,10,관람객완전 재미 ㅠㅠ  모든 출연진들 연기가 다들 대박임 ㅠㅠ  
20170226,1,제목만봐도 영화내용이 다보임..  
20170226,6,"그냥 그랬음,, 평점 생각보다 높아서 놀랬음,,  "
20170226,8,관람객김해숙 역시 최고!형사분 연기  최고!  
20170226,9,화는 났지만 재밌게봤어요!!!:)  
20170226,10,관람객멋진 배우 멋진 시나리오 무엇보다 멋진 정의  
20170226,8,음 정의가 실현되어서 화가 치밀어 오르진 않앗는데 경찰님 죽엇으면 좋앗을걸 하는 아쉬움  
20170226,8,가슴이 먹먹해서 한동안 영화가 끝나도 자리에 앉아 마음을 추스렸다  
20170226,7,관람객급 끝마무리한 느낌.. 법정공방 장면을 기대했는데 아쉽.. 그래도 잘봤으  
20170226,9,관람객마음아픈영화네요ㅜㅜ재미있었어요 마지막끝나는장면도 다나왔더라면 아쉬움이있네요  
20170226,10,개인적으로 너무나 잘봤고 배우들 연기에 한번 더 감동했어요  
20170226,9,관람객강하늘의 연기가 압권~ 근데 약간 사이다가 부족  
20170226,7,관람객좋아요 너무좋아요 ㅎㅎ  
20170226,10,경찰과 검찰은 반성이 전혀 없는 현시대 똑같네  
20170226,10,그것이 알고싶다에 나온 실화를 바탕으로 극화한 영화...감동 있음..  
20170226,10,관람객제초를 하니 뱀이 나타난다..  
20170226,7,마지막에 변론 하는 장면 넣었으면 좋았을텐데... 변호인이 살짝 생각 나면서 아쉬웠음.  
20170226,10,관람객재밌었어요.. 근데 마음한켠으로는 찝찝하네요..  이런나라에서 살고있다는게...  
20170226,3,관람객나중에 진짜 재판뒤집는걸 볼라고 두시간기단건디 그거안보여주고 끝나서 내가다억울함 정우 하늘이는연기잘함 이상 끝  
20170226,8,관람객볼만한영화네요 더킹보다 재밌네요  
20170226,1,보는내내  답답함함을 금할수가 없구나  
20170226,9,관람객아 역시 빋고보는 정우... 조만간 비람 한번 더 봅니다  
20170226,10,관람객그녀와 함께여서 오늘도 행복했다  
20170226,6,관람객어설픈 연출과 허술함이 곳곳에 묻어나는 시나리오의 단점을 실화라는 태생적 강인함과 배우들의 연기로 커버한다  
20170226,9,관람객보는내내 열받앗고 우리나라 현실을 잘 알수있는 기회였네요 그래도 재밌게 봤습니다  
20170226,10,관람객정말완전 볼만한굿굿정말대에에에박  
20170226,10,"우리는 이 영화를 본후, 박준영 변호사의 용기와 정의감을 칭찬하는 것으로만 끝나면 안된다. 정의를 택하는데 망설임이 없는 사회를 만들어야 제2의, 제 3의 박준영 변호사가 나올 수 있다. 영웅을 기다리지말고, 너도나도 영웅이 될 수있는 사회를 만들자.  "
20170226,9,관람객조현우씨 정말 행복하셨으면 좋겠습니다  
20170226,7,"관람객나쁘지 않았는데 뭔가 조금 부족한 느낌... 하지만 정우, 강하늘씨 연기는 참 좋았습니다~~~  "
20170226,7,정우의 연기가 멋졌어요끝이 쪼끔 맹하게 끝났지만고만고만 괜찮았어요실화였다는게 대박난그런사건이 있었는지도 몰랐네요  
20170226,8,제목 변경: 재심신청완료 (뒷통수 맞은 느낌)  
20170226,9,관람객정우연기 굿실화라니 가슴이 많이 먹먹했습니다ㅜㅜ  
20170226,10,관람객너무재미있어요 스토리가 지루하지 않아요  
20170226,10,관람객굳!!재밌어요 정말정말이요  
20170226,10,관람객아주 좋음 굿굿!!! 정우머싯어여  
20170226,7,관람객억울한 한 사람을 억울한 누명을 벗어준건 좋았습니다 아쉬운건 욕설과 폭력이 심해서 보기 안 좋았습니다 한편으론 우리나라 현실을 반영한 영화이기도 하네요  
20170226,10,정우랑 강하늘 다 너무 연기잘하고 너무 슬프다ㅜㅜ  
20170226,10,근래 실화를 모티브로 제작한 영화 중 가장 마음을 울린 작품  
20170226,10,펑펑 울었다 연기 짜임새 다좋음  
20170226,8,관람객생각했던만큼 재밌었던 영화였어요  
20170226,10,좋은 영화입니다!!!  
20170226,10,좋은 작품이니 꼭 보아요. 재심 화이팅  
20170226,10,강하늘 정우의 연기는 환상적이다^^  
20170226,10,관람객정말 영화보는내내 지루함을 못느낄정도로 잼나요  
20170226,9,관람객연기에 놀라고 내용에 놀랍니다!!  
20170226,10,관람객가족들이랑 봤는데 재미있었어요  
20170226,10,관람객이런 영화 잔잔하게 좋네요  
20170226,10,강하늘 ㅈㄴ멋있다...  
20170226,10,관람객진심 너무재밌습니다 꼭보세요  
20170226,10,ㅠㅠ 완전 감동!! 강추에요!!  
20170226,8,관람객재밌다 결말도 좋다 정우 변호하는 씬도 있었으면 더 재밌었을꺼같ㅈ다  
20170226,1,이걸 영화라고 만든 거임???  
20170226,10,관람객세상사람들에게 무죄였다고 말해줄께  
20170226,10,재심. 최고의 영화.명연기에 스크린 속으로 빨려들어가 억울함에 같이 울었습니다.형사들아 아직 안끝났다  
20170226,7,7번방의 선물이 좋았다면 꼭 보시길 아니라면 뭐  
20170226,10,관람객기대안했는데 진짜 재밌네요. 정말 예전 영화 바람처럼 여운이 오래남는 영화입니다.  
20170226,8,나름 ㄱㅊ 감동도 있었고저번에 ㅈ같은 조작된도시말고 차라리 이거나 보는거였는데 ㅅㅂ...마지막 엔딩 부분은 시간이 없어서 빨리끝낸듯한 느낌이 들어 조금 아쉬웠던것같지만 보기에는 괜찮은 영화  
20170226,10,정우는 진짜.. 명배우인듯해요.. 역할이 한결같다하던데 전 정우 진짜 대단한 배우같아요.  
20170226,7,관람객약간아쉬웠지만 배우들이 열연해주신덕분에잘봤습니다  
20170226,10,며칠전 인터뷰에서 실제 박준영변호사가 법정영화라 생각말구 과정을 그린 이야기다라고 했는데  영화를 보니 그말뜻을 알겠네요. 전 몰입감 있게 잘봤어요 연기도 넘좋구요 후기에 끝이 아쉽단말을 종종 봤는데 전 또다른시작으로 담담히 끝을 맺어서 맘에 들었어요  
20170226,9,관람객너무 슬픈 한사람의 이야기  
20170226,9,관람객정우 연기 너무 좋고 강하늘 머리 자르고 너무 멋있고아직까지 얼마나 억울한 사람이 많을지다 파헤쳤으면 좋겠다...  
20170226,9,관람객굳 재밋릅니다 감동실화 정우연기짱  
20170226,9,재미있게봣습니다. 강하늘 눈빛 연기  
20170226,10,영화보고 이렇게 평점 작성 처음 해봐요 !귀찮은 로그인도 하게 만들었던 영화 보면서 화나면서도 미안하고 감동적인.. 나라꼴이 이모양인데 우리나라가 더 싫어진 영화. 우리나라 도대체 어디서부터 바뀌어야 하는 걸까요...  
20170225,10,관람객너무 변호사님이 대단하시네요.정말 재미있습니다.  
20170225,8,관람객마무리가 아쉽지만 재밋아오  
20170225,6,관람객그저그런 법정드라마 별로다  
20170225,8,관람객좋았어요 정우연기력~~~  
20170225,10,관람객믿고보는 정우다 진짜 ㅋㅋ  
20170225,5,관람객실컷 당하기만 하고 끝남 ㅠㅠ 이제 재판에서 확 복수하나 싶었는데 ㅠㅠ 시원한 맛이 없어요  
20170225,10,진짜 꼭 봐야될 영화..몰입도 짱이에요ㅠ  
20170225,10,관람객정말재미있었고 연기가 대박  
20170225,10,꼭 보라고 소문내야할 영화!진심을 담은 영화를 오랜만에 본 것 같아요.꼭 웃기고 임팩트 강한 칼부림이 있어야만 영화가 아니라는걸 다시 한번 느꼈습니다.재심을 만든 모든 배우들의 진심담은 연기력 덕분에 더욱 빛났네요. 꼭 보세요.  
20170225,7,관람객강하늘 연기 넘 좋았습니다~~!!!  
20170225,9,관람객매우 재미있게 봤습니다  
20170225,6,관람객실화라 마음이 안좋았습니다이런일은 없어야겠고 이런 영화가 더많이 나왔으면 좋겠습니다  
20170225,9,시원하게 재판하는 장면까지 나왓다면 좋았을 영화.배우들의 명연기에 몰입도 장난아님.  
20170225,10,관람객보는 내내 답답하고 한숨섞인 자조적 웃음이 나왔다.  진정한 승리가 무엇인지 느낄 수 있게 해준 인생무비.  
20170225,9,관람객먹먹하다는 후기가 많앗는데 정말 보고 나니 먹먹해집니다  
20170225,10,관람객감동이었어요아직도 억울한 사람들이 많을것같은데진정한 극중 이준형변호사같은 마음으로 법을 진정수호하며 인권을 말하는 법조계인들이 많았으면 하는 바램입니다.  
20170225,8,관람객다 아는얘기지만  감동깁게 봤습니다  
20170225,9,관람객여러 범죄인이 한 사람을 죽이는건 쉽다악이 선을 이길 순 없다.  
20170225,8,관람객억울하고 답답하다가 후련해지는 영화..  
20170225,9,관람객실화를  바탕으로해서인지  감동이  두배~  
20170225,10,별 기대없이 보고 여러가지를 느끼고 생각하게 해 주는 영화빨간 선생님이 생각나네요~^^  
20170225,9,와 연기 대박....많이 울었어요ㅠㅠ 근데 그 수정인가 하는 여자조연 연기가 너무 아쉬웠네요  
20170225,8,관람객마지막이 좀 아쉬웠음 ...  
20170225,10,관람객죄악이 되어버린 일상.고의로 악을 선택하여 짓는 죄가 가장 무겁다.  
20170225,10,후... 실화자나 ...  
20170225,9,관람객뭔가 직업의식을 느끼게 해준 영화였습니다.  
20170225,9,관람객끝이 미약하다 하지만 펑펑울엇당  
20170225,10,관람객논픽션이라 역시 현실감있게  봤습니다.  
20170225,10,관람객연기가 장난 아니네요 재밌게봤습니다  
20170225,10,관람객보는 내내 화만 나는 영화.  
20170225,8,관람객연기도 좋고 뭔가... 현실을 극화한 영화이기에 좀 답답하기도 하고 복잡하게 느껴진영화였어요!  
20170225,9,두번울었다정우 편의점.공사판 마지막씩.눈물뚝 나도뚝  
20170225,10,재미있게 잘봤습니다.이게 실화라니 진짜 끔찍하네요ㅠㅠ  
20170225,8,관람객재미있어요 정우씨 연기가 좋네요  
20170225,9,이영화가 전달하고자하는내용이 확실히 와닿았다고 생각합니다배우들 연기도 정말좋았고요 특히 강하늘연기가 굿굿  
20170225,9,관람객잘받습니다. 진짜~~~  
20170225,8,관람객재미있게 잘 봤습니다.  
20170225,8,관람객재미있게 봤습니다~^^  
20170225,8,관람객재밌게 잘봤습니다~!  
20170225,6,관람객진심담긴 배우들의 연기가 남는 영화!  
20170225,10,관람객재밋는데 재판신이 부족  
20170225,8,관람객영화재미있습니다~~~...  
20170225,10,한국영화중에서 최고의 작품인 것같아요보는 내내 몰입이 되어 눈을 뗄수가 없었어요잘 봤습니다  
20170225,9,관람객너무 과하게 재현되지 않고 현실감있게 만들어진 영화였어요..내용에 집중할수있었다는점에 100점  
20170225,10,관람객무슨내용인지 모르고 봤었는데 정말 재밌네요!  
20170225,8,관람객우리가  사회를  살면서 깊게 생각  하여야할 의문을 준것같습니다  
20170225,10,관람객부모님과 함께 봤는데 재밌게봤습니다.  
20170225,10,관람객너무 재밌게 잘보았습니다~^^  
20170225,10,관람객진짜꿈잼!!! 대박이였음!  
20170225,10,강하늘 연기 너무 잘한다  
20170225,10,이제는 연기 잘하는 젊은 배우들이 스크린을 잡아야 한다 생각합니다명연기 정말 훌륭합니다 ㅜ  
20170225,9,명연기 였지만 마지막 부분에 너무 허무하게 끝나사 아쉽네요ㅠㅡㅠ  
20170225,8,관람객시간가는줄모르고 봤어요~연기도 너무 좋았구요~  
20170225,10,감동적이고 재밌었다배우들 연기도 잘하고 시간 가는줄 몰랐다  
20170225,10,관람객배우들의 연기가 훌륭하고 시나리오도 튼튼했습니다  
20170225,1,"삐걱삐걱 전개, 몰입감이 떨어지는 연기  "
20170225,9,"이렇다할 재판장면없이도 충분히 멋진 영화. 정우가 변화하는 모습이 인상깊었고, 약간은 허무하다고 생각될법한 결말도 아쉽지 않을만큼 보는내내 가슴이 뜨거웠습니다. 결국 승리하는것은 정의이다. 2시간동안 내가 등장인물이 된 느낌이었어요. 억울하고 뜨겁고.  "
20170225,9,느낌과 여운이 있는 영화  
20170225,10,실화이고 사회적 이슈로 된 내용이라 너무 좋았어요  
20170225,7,관람객재밌게봤네요.흥행하세요  
20170225,8,"관람객내용이 너무 가슴 아팠어요. 대한민국의 경찰, 검찰, 사법부가 소년의 인생 10년을 송두리째 앗아 간 실제 사건이라니... 그리고 정우씨의 연기가 어떤 부분은 소름끼칠만큼 진정성이 있었어요.  "
20170225,9,"사실 이런 사회적으로 의미있는 소재를 다루는 영화가 많지만, 가끔은 그것을 너무 자극적이게만 이용하는 경우도 있는데 이 영화는 그래도 나름 그 메세지를 조심스레 담아낸 것 같다. 억지스럽지 않았던 것 같고.. 개인적으로 많은 생각을 할 수 있었다.  "
20170225,10,관람객착한얘기좋아요~하늘씨는항상의미있고좋은작품하시네요!!  
20170225,9,"8.7정도.연기들을 정말 잘 한다.중후반부 약간 늘어지는 느낌이 있었지만 참을만하다.""괜찮은 영화"" 라고 생각한다. 이정도면 나쁘지 않음.  "
20170225,8,우리나라의 부패의 끝이 어디까지 가는지 잘 보여주는 영화. 약자 한번 제대로 이용하는 놈들이 판치는 세상임을 깨닫게 된다. 이젠 재판도 못 믿게 만드는 영화. 누가 살인자고 누가 범죄자인지 알수가 없다.  
20170225,10,관람객역시 정우 강하늘 연기력 정말 쩐다  
20170225,9,관람객재밌었어요~ 강하늘 잘생김..  
20170225,8,관람객생각했던 것 보다 전체분위기가 잔잔했던.. 그래도 졸지않고 잘 봤습니다  
20170225,10,아씨 울뻔함 연기도 몰입도 좋고 내용도 좋고 지루하지 않고 재밌었어요  
20170225,8,"결말을 알고 보기도했지만 정우,김하늘의 연기를 보면서 다시느끼게된영화. 착한사람들이 만든영화같아서 미안해지는 기분이든다.  "
20170225,7,관람객마무리가 이상하게 끝나요~ 가볍게 볼만한 영화인듯  
20170225,8,관람객변호인과 같은 묵직함이 있었다강하늘의 연기가 굿굿  
20170225,8,볼만했습니다. 연기들은 수준급이네요.  
20170225,9,관람객뜻 깊은 내용에 영화네요 재밌게 잘봤습니다. 정우 화이팅  
20170225,9,관람객법이 약자를 보호하는 나라가 되었으면 좋게습니다.  
20170225,9,관람객자신의 이익을 버리고 헌신 적으로 변론하여이시대에 정의가 살아있는 모든이의 공감을사는  눈물과 감동이 있는 영화입니다.  
20170225,9,관람객알고있는 내용인데도재미있습니다~  
20170225,8,관람객마음이 아프네요 마무리가 조금더  길었으면 좀 통쾌한것   없이 마무리 가 돠것 같아요  
20170225,3,관람객영화가 길다는 느낌이 강하게 듦  
20170225,10,관람객재밋어요하호헤후힝헹  
20170225,9,관람객잔잔한 감동  꼭 보세요  
20170225,8,관람객볼만합니다. 저는 개인적으로 실화를 각색한것을 좋아하기때문에 재밌게 봤어요.  
20170225,10,재심이 이루어지기까지의 과정이 좋았음  
20170225,7,"관람객요즘 시국에 더 퐉퐉 와닿네요정우,강하늘 케미 좋았구요약자를 위한 진정한 법이 실현되길 바랍니다~  "
20170225,9,지들이 재미없으면 댓글알바하는건줄아네 무조건 ㅋㅋ  
20170225,7,관람객무난하고 보통의 영화였다  
20170225,10,"관람객너무 좋았네요 정우, 강하늘 연기도 압권이었으나 결말이 조금.  "
20170225,5,관람객조작된도시가 더 재밋다  
20170225,8,관람객마지막이아쉬운영화진짜좀애매한영화  
20170225,1,관람객변호인 따라했음   한마디로 젓같음!  
20170225,10,관람객온가족이  봤어요탄탄한  스토리  연기력실화를   바탕으로  눈시울이  ~~추천합니다노련한  배우의 연기력과 스토리  감동입니다  
20170225,8,관람객인상 깊은 영화였습니다.  
20170225,10,정의의  편~ 정우~~명연기 최고~!!!!  
20170225,8,관람객억울한 사람이 없는 대한민국이 되기를  
20170225,10,관람객검사에 대한 처벌은 어떻게 되는지 궁금합니다.  
20170225,5,관람객내용은 좋은데 연출이 점 아쉽네요  
20170225,8,관람객기대안하고 봤는데 볼만하네요  
20170225,8,관람객음~~~~더킹도 그렇고 이번 재심 또한 현정세를 비판하는듯한....뭔가 부족한듯 했으나~~이런일들도 세상엔 허다하겠구나 싶어~~쫌 씁쓸했다  
20170225,5,졸려요 ㅠ_ㅠ~~ 지루함 ㅠ  
20170225,9,관람객영화내내 실제사건이 생각나서 마음이 아팠다.  
20170225,10,관람객완전재밌음 보면후회안해요  
20170225,10,진짜 배우들 연기 너무 잘하구 리얼했어요.. 실화라고 하니 더욱 감정이입이 됬습니다.오랫만에 좋은 영화 본 것 같아요^^~  
20170225,5,관람객기대이하엿씁니다 더킹이훨씬재밌어요  
20170225,8,관람객기대를많이해서 그런지 생각보다는...ㅠ  
20170225,8,관람객재밌는데 결말이 허무해요ㅜㅜ  
20170225,8,민진웅쌤이 범인이었으  
20170225,4,진짜 이 뻔하고 뻔한 스토리가 재밌나? 개연성 하나 없이 많은 것을 담으려다보니 스토리 산만했고 연출이 정말 별로. 배우들 연기는 좋았지만 그만큼 아까웠다  
20170225,10,관람객너무재밌엇어요 몰입감짱  
20170225,8,TV에서 이미 기사화되었던 내용이라 결말을 알아서 긴장감같은거는 확실히 덜어지지만 배우들의 연기는 잘해서 8점정도 줍니다.  
20170225,9,관람객강하늘과 정우의 연기력이 돋보이는 좋은 영화네요^^  
20170225,10,관람객배우분들 연기도 좋았고  영화 내용도 좋았어요.  
20170225,10,관람객괜찮네요.깔끔하고다음에또봐야겠네요  
20170225,10,관람객좋아요ㅎ굳굳굳굳짱짱  
20170225,10,관람객좋았어요 그래도착한사람  
20170225,6,관람객생각보다 임팩트가 부족했음.. 평점에 확신이 조금...  
20170225,9,관람객엄마랑 재밌게 잘봤어요 ㅎㅎ  
20170225,10,관람객배우들다 연기 잘하네요 재밌게봤습니다  
20170225,7,관람객영화 마지막 마무리가 아쉬움이미 눈에보이는 결론이라해도 자막으로끝나는게 뭔가 마무리가덜된느낌이랄까  
20170225,9,관람객드라마틱하고 감동입니다..  
20170225,10,배우들 연기 너무 좋았어요~ 역시 강하늘^^  
20170225,10,관람객다신 이런일이 일어나면 안되죠 영화 너무 잘봤습니다  
20170225,8,억지스러우면서도 급하게 훈훈함을 주려했던게 둘의케미에 독이였던것 같다  
20170225,10,잘보고 왔습니다~강추~~  
20170225,10,관람객재밌게 보구있는데 끝나버리더라시간가는줄 모르고 봤음  
20170225,9,관람객마지막 장면이 좀 아쉬웠지만 재미있었음ㅎㅎ  
20170225,10,진짜 명연기 멋있고 정의는승리한다  
20170225,10,관람객개인적으로 정우팬이라 보러왔는데 여러배우들의 연기에 놀라웠습니다!  
20170225,10,관람객너무멋잇써요유ㅠㅠㅠㅠ정우ㅠㅠㅠㅠ강하늘ㅠㅠㅠ  
20170225,6,관람객그냥저냥 뭐..정우 연기가 좋았습니다  
20170225,8,관람객이영화는 전국의 경찰이나 형사분들이 꼭 봐야 한다고 느낌 귀찬다고 대충 돈에 눈이 멀어 사건을 강압적으로 지어 내고 보는 내내 화낫음 마지막 부분이 조금 아쉬움감이여튼 16년만에 재심에 승소해서 너무나 다행  
20170225,8,관람객훌륭한 영화예요 연기가 좋고 애들도 감동이라고 합니다  
20170225,10,영화가 정말 아주 재미잇네요  
20170225,7,다좋은데 마지막 사이다로 재판장면을 기다리고있었는데 안나오니 아쉽군요 마지막이 부족하고 아쉬운영화  
20170225,8,관람객나가다나가다가나가다  
20170225,8,"관람객좋은 소재, 좋은 배우, 과한 영웅 설정  "
20170225,10,관람객스토리는알고있던거긴하지만배우들의연기까지더해져서잘봤습니다~^ ^  
20170225,8,관람객재밌긴한데 뭔가가 아쉬운~  
20170225,10,강하늘잘생겼다ㅡㅜㅠ사랑해요결혼하자  
20170225,10,관람객너무재밌었어어요!ㅎ  
20170225,10,관람객정우연기 완전 잘합니다 평점만큼 즐겁게 영화보고 갑니다 근데 맨마지막에는 응??을 하게 된다는  
20170225,10,관람객꿀잼인정하는가이었수요  
20170225,10,보면서 정말 많이 울었어요 ㅠㅜ 이영화는 배우 정우 .강하늘이아니면 잘 풀어내지못할거에요.. 캐스팅짱짱 아직도 여운이 가시지않는다는....! 형사분도 연기정말 잘하세요 영화보는내내 욕햇어욬ㅋㅋ  
20170225,10,관람객실화라서 더 열받고 화나고 끝은 사이다  
20170225,8,관람객재미있네요~~~^^  
20170225,3,관람객뭐여 끝 내용도 부실하고 실망  
20170225,10,관람객오랫만에 재미있게 본거같아요  
20170225,10,관람객배우들의 연기가 돋보였고 감독님의 연출력 또한 빛난 작품이다.이경영님의 연기에 100점만점에 100점 드리고 싶다.계단에서 정우님을 부르는 장면은 관객들로 하여금많은 여운을 남긴다..  
20170225,6,관람객초반에  좀 지루한 면이 있었으나 중간쯤부턴 볼만이토록  억울한 상황들이 얼마나 많을까법앞에 모두 평등한 사회가되었음 하는맘 간절합니다 특히 요즘같은 시기에..  
20170225,8,관람객막 엄청 재밌다!!! 꼭 봐라!!! 정도는 아닌데 킬링타임용으로는 괜찮은 것 같아요. 중간중간 답답하고 그런 부분이 있긴한데 전체적으로는 괜찮게 봤네요  
20170225,9,관람객전반적인 스토리는 좋았으나 마지막이 조금 아쉬웠어요!  
20170225,8,관람객지루함 없이 재미있게 잘 보았습니다. 배우들의 연기도 좋았구요~~  
20170225,9,관람객정우연기 너무 좋았어요 다시는 이런일이 일어나지 않았으면 좋겠네요  
20170225,6,관람객기대한거보다~~지루지루~~  
20170225,10,관람객넘 슬프고 감정이입해서 봤어요...개인적으로 추천합니당 ㅠㅠ  
20170225,1,노잼이라 화가 나서 잠도 안옴  
20170225,10,관람객재밌어요 요자친구랑 봤는데  
20170225,8,관람객재미났어요^^최고 변호인 생각남 마지막장면이 아쉬움  ㅠ  
20170225,10,당사자는 얼마나 억울했을까 그나마 누명을 풀수있어서 다행이고 알려져서 다행입니다  
20170225,1,각색이 지나치다보다가 짜증나서 나왔습니다  
20170225,10,관람객실화라서 마음이아팠고..괜찮은영화라 추천합니다~!정우 강하늘 연기굳구  
20170225,9,"강하늘 하정우 이동휘 연기 멋있었고, 김혜숙씨 연기도 최고였습니다.  "
20170225,9,관람객전형적이지만 그렇기에 더 다가오는 영화  
20170225,9,연기잘하네 볼만해요 문물뚝  
20170225,9,관람객실화라고 생각하니 믿을 수 없는 현실에 화가 나면서 즐감했습니다.  
20170225,7,몰입은 되서 좋았는데 끝결말이 허무함.  
20170225,9,관람객배우님들 연기가 대박인 영화 화가 나는 실화라서 더 리얼  
20170225,10,처음부터 끝까지 강하늘을 안아주고 싶은 영화였다..  
20170225,7,관람객김해숙 정우 강하늘..배우연기력이 너무좋았던 영화  
20170225,6,관람객실화라구해서 보는거지..잘 모르겠음  
20170225,9,관람객세상에 묻힐뻔한 사건을 파헤 치며 억울한 누명을파헤져준 변호사님께 박수를보냈니다..  
20170225,10,관람객배우분들의 연기에 보는 내내 감정이입이되서 화가 낫어요 ㅠㅠ 잘봤어요!!  
20170225,10,"관람객강추강추,,,,꼭보세요^^  "
20170225,7,관람객세상엔 잣대가 둘~~  
20170225,10,관람객어냐쟈더서ㅓ챠야쟈더러처  
20170225,8,관람객실화를 모티브로 해서인지 분노와 가슴이 찡함을느꼈네요...  
20170225,10,관람객연기 짱짱강하늘 정우 김해숙역시   신들린듯한연기  박수를보냅니다   대한민국 현실이 서글픕니다  
20170225,8,관람객실화를바탕으로하는 영화여서 진한감동이 묻어남  
20170225,6,관람객주제는 참신하나 졸리다  
20170225,10,관람객최고예요 꼭 보세요 추천합니다  
20170225,10,영화의 내용과 배우들의 연기는 뜨거움보다 따뜻함을 느끼게 해주네요. 멋들어진 무언가는 없지만 충분히 멋진영화였어요 추천합니다!!  
20170225,9,모두 좋았어요 배우. 연기. 영화 ... 실화라 그래서 많이 속상하네요  
20170225,9,관람객볼때 욱하고 답답한데 연기는 좋은 영화볼만해오 추천추천  
20170225,1,연기잘하는건 인정하는데 결말이 진짜 최악이다 똥싸고 안닦은 느낌이였다  
20170225,10,관람객정말 감명 있게 봤습니다..  
20170225,4,감독이 다 말아먹었다배우들이 아깝다  
20170225,8,강하늘 연기 좋네요!! 재심 정말 추천합니다~!!!  
20170225,8,잘봣네요. 평점낮게 주신분들보니 결말이 안좋다고 하시는분들이 많던데 전 전혀 그런거 못느끼고 처음부터 끝까지 집중해서 잘 본것 같습니다. 배우들 연기도 좋고.. 올해 처음본 한국영화엿네요.  
20170225,10,살인누명쓰고 15년 복역한 주인공에서 감정이입되서 영화가 끝나고도 한참을 울엇다.. 늘 어떤것을 볼때마다 그 사람한테 감정이입이 되서 너무 힘들다 많은사람들이 봣으면 좋겟다..  
20170225,8,관람객재밌있어요 연기자분들 넘 연기 잘하시구요  
20170225,9,"나 진짜 솔직히 기대안함 ㅋㅋㅋㅋ 근데 보고나서...감동... 좀 폭력적이긴 하지만, 배우들도 다시보이고 진짜 변호사님도 존경스럽고...이 별점은 실제 인물에 대한 격려도 포함  "
20170225,9,관람객시간이 갈수록 깊이를 더해가는 정우씨와 강하늘씨의 연기가 빛나는 영화  
20170225,10,관람객혼자가서 펑펑 울었다.  
20170225,10,관람객가나다라마바사아자차카타파하하하하  
20170225,10,관람객몰입해서 잘봤습니다~배우들 연기가 정말 훌륭해요이런 억울한 분들이 더는 없으시길ㅠ  
20170225,10,보세요. 후회없습니다.  
20170225,8,관람객연기력들이 좋아서 볼만해요  
20170225,10,배우들 연기가 진짜 와... 특히 김해숙님...  
20170225,9,관람객실화를 바탕으로 한영화라 집중이 잘됨경찰들에게 너무 화가나ㅛ다 물론 영화속  
20170225,8,"관람객재미있게 잘 봤습니다. 정우, 강하늘씨 연기 좋았습니다  "
20170225,10,.!.!.!.!.!.!.!.!  
20170225,9,관람객강하늘 믿고 보는 배우 명연기  
20170225,10,관람객처음에는 제가 좋아하는 배우가 나와서 호기심을 갖게되었고 그뒤로 실화라는 사실에 매료되어 영화를 관람하였습니다. 실화라 더욱 몰입도가 좋았고 두 주연 배우님들의 탄탄탄한 연기력에 더욱 감탄하였어요! 강추 합니다!  
20170225,8,관람객넘나 잼낫어요 꼭 보셔용~~  
20170225,10,관람객잼나용~~~^^잼나  
20170225,10,관람객가슴을 후려친 감동적인 영화!  
20170225,10,관람객너무너무 재미있는 영화에요ㅎㅎ  
20170225,6,관람객뭔가 약간 부족한 느낌인듯  
20170225,10,관람객너무재밌었습니다. 연기 굿  
20170225,8,관람객정우 하늘 연기잘소화내어 좋았다  
20170225,9,재미. 웃음. 감동. 명품 연기. 영상미 까지 모두 볼 수 있는 영화입니다. 꼭 보시길 추천합니다. 마지막에 가슴이 먹먹해서 눈물이 납니다~ 2시간 동안 단한번도 지루하지 않습니다. 꼭 흥행하길 기원합니다.  
20170225,10,관람객ㅠㅠ배우들의 명연기 믿고봐요ㅜㅜ♡  
20170225,9,실화라는게 믿기지가 않으면서도 정말 재밌네요ㅜㅜ 학생인데 가족들이랑 같이보기도 괜찮은것같아요!  
20170225,10,연기가너무좋아서 훅빠져들어서 관람했습니다.몰입도가너무좋았습니다  
20170225,7,관람객재밌게 보다가 마지막에 급 마무리되어 아쉽네요  
20170225,6,관람객정우 연기잘하고 엄청재미남!!  
20170225,10,오랜만에 본 좋은영화..  
20170225,10,강하늘의 눈빛. 정우의 표정..어머니이 눈물.꼭 보세요. 여운이 긴 영화입니다.정말 멋져요. 감독판 보고싶은 영화에요.  
20170225,6,연기 10점 스토리 10점 각색 0점. 15분 안에 모든 스토리가 예상되는 뻔하고 뻔한 각색. 결말을 이미 알고 보는 영화인 만큼 각색을 좀 더 탄탄하게 만들었으면.. 하는 아쉬움  
20170225,5,관람객재심이라는 제목 그대로 재심까지 다다르는 이야기로 이루어진다. 영화 러닝타임때문인지 인물들간 관계에 대한 개연성이 부족하다. 촬영 후 편집과정에서 누락된 것이 많은데 이 부분때문에 인물들이 다음씬에서 달라진 관계에 대해서 이질감을 느끼게 한다.  
20170225,10,관람객재밌게 잘 봤습니다. 실화라는 사실이 대단하네요  
20170225,9,실화를 바탕으로 각색하니 스토리는 괜찮습니다. 무엇보다 정우와 강하늘의 연기력이 정말 어마어마 하더군요...정말 잘어울리는 두 배우였습니다. 가슴 먹먹해지는 아주 좋은 영화입니다. 강추드립니다.  
20170225,10,정우 강하늘 한재영 세남자의 연기력이 정말 대단하다  
20170225,10,감사해요이런 영화만들어주셔서..  
20170225,10,관람객끝마무리가아쉽긴하지만 볼만했습니다  
20170225,10,한재영....연기가 아주 그냥 쥑여주네  
20170225,8,관람객실화라서더감동적인영화엿어요  
20170225,6,관람객잔잔한감동도있고 우리사회에진실이통하는사회.국가가되었으면합니다.  
20170225,9,관람객내가다 억울한 심정이엿다  
20170225,8,관람객더이상  이런일들이 일어나지 않길..  
20170225,10,관람객조아요조아요조아요조아요  
20170225,10,이거 예전에 그알에서 해줬던 사건인데 그때 그 경찰서 게시판 난리나고 지청장 직접 사과문 올리고 했는데  
20170225,10,연기가 넘 훌륭하다 정우 상 꼭 받길강하늘 정우에게 너무 감정이입되서 분하고 슬펐다정의로운 법이 꼭 실현되길  
20170225,9,관람객말로는 설명할수 없는영화  
20170225,10,관람객그알팬으로서 사건을 알고있었지만 넘나 재밌게봤습니다.강하늘과 정우라는 배우들의 연기가 빛이났어요  
20170225,10,짱짱짱10자 10자 10자  
20170225,10,관람객재미있어요 지금같은 시기에 봐야할영화  
20170225,9,관람객배우들의 연기가 좋았고 재밌었지만 마무리가 안된느낌  
20170225,7,영화에 인팩트 하이라이트가 없음 영화에 기억에 남는 장면이 없음  마지막에 법정에서 그냥 끝나버려서 좀 아쉬웟음 딸치다 못싼 기분임  
20170225,6,관람객기대에 전혀못미치고 역시 실화배경은 드라마같은 느낌 실망  
20170225,9,사이다는 약했다.그저 감동만이 가득했다 .   오랜만에 즐거운 영화 관람 이었다  
20170225,10,정말감동적인 영화!!  
20170225,10,관람객현우의 세상에 대한 원망과 억울함을 생각하니 마음이 짠해서 보는동안 많은 눈물을 흘렸습니다.조폭과 경찰은 종이한장 차이라는 말이 있는데 이 영화는 경찰교육용으로 딱이네요.박준영 변호사님 화이팅입니다~  
20170225,9,관람객영화 최근에 볼만랬어요!!재미있어요  
20170225,10,관람객가슴이 무거워지네요.  
20170225,10,관람객권력의횡포에 선량한시민이 희생되는 모습에 안타까움이컸는데 다행이  정의의 변호사의도움으로 무죄판결이 나서 다행이었다감명깊게 봤어요다른분들께도 좋은영화라고 추천할께요  
20170225,10,기대 안하고 예매했는데 진짜 명작!  
20170225,10,이게 대한민국의 현실. 위나 아래나 공권력을 가진 작자들의 행태를 적나라하게 알게해줌. 재심전문 변호사 박준영 화이팅!  
20170225,7,관람객재밌어요 ㅠㅠ 연기도 얼굴도 열일  
20170225,10,감동과 울림이 있어 참 좋았다.연기의 진심이 묻어나는 영화  
20170225,9,미래에 법조인이 되고자 하는 입장에서 법이 정말 무엇이고 어떠한 법조인이 되어야 하는지를 다시금 상기시켜주는 영화였다. 그리고 배우들의 명연기가 그것을 한층 더 고조시켜줬다.  
20170225,7,관람객잔잔하게 보기 좋은 영화!  
20170225,9,관람객배우들 연기최고!!관심있던 내용이라서 너무 재미있게봤어요~ 전개도빠르고 시간가는줄몰랏네요  
20170225,7,관람객전체적으로 괜찮은데 중간에 증인한명 빼간걸로 엄마가 집나가라 그러고 아들이 형사들 죽일라하는건 개연성이 좀 떨어지는듯  
20170225,1,....알바가많구나...배우들이 아깝다...새차사서 시동걸어놓고걍 내려서 버스탄 느낌이랄까.  
20170225,9,관람객연기도 잘하고  각색도 잘 된 영화... 세상의 숨겨진 불합리들을 바로 잡는 것에 세상이 좀 더  잘사는 나라가 될 수 있다면 참 좋겠군요  
20170225,10,관람객여자친구가 정말 좋아하네요 저도 재밌게봤어요  
20170225,8,관람객정의로운 세상을 만듭시다.  
20170225,10,몰입도도 좋고 무엇보다 전개와 연기가 굉장히 인상깊네요  
20170225,8,관람객조금지루했어요 연기력은인정  
20170225,9,관람객실화를 바탕으로 한 영화라 그런지 끝나고 나서도 여운이 많이 남았다  
20170225,10,후기를 남겨보는게 알마만인지 모르겠네요. 법이라는게 얼마나 조심히 다뤄져야하는지 다시금 느끼게 하는 영화입니다.  
20170225,8,"영화 잘 봤습니다.  저는 박준영 변호사를 ""지연된 정의""라는 책을 통해 알게 되었습니다.  재심에 성공한  사건이 나오는데 그 중 하나가 이 영화의 소재인 약촌오거리 택시기사 살인사건 이었습니다. 영화보다 훨씬 더사건을 세부적으로 알 수 있습니다.  "
20170225,10,관람객기대 안하고 봤는데 매우 재밌었어요  
20170225,9,관람객잊혀진 정의가 살아있다는 것을 보여주는 영화!  
20170225,8,"관람객기대이상의 연기력에 비해 너무 이야기를 늘어놓지만 않았나 싶네요. 마무리에 와서는 어떻게 정리해야 할지 몰라 급하게 읕낸 느낌을 받았어요. 조금 아쉽지만, 배우의 연기만으로 볼 만한 영화!  "
20170225,10,무죄로 판결나서 정말다행이네요.픽션이지만 깔끔하게 잘보았습니다. 감사합니다  
20170225,1,정말 별로에요ㅜ  왜봤지ㅜ  
20170225,10,관람객사회의 정의가 바로 서야함을 일깨워준 감동실화  
20170225,9,배우들의 명연기. 보는 내내 여러가지의 감정들이 뒤섞인듯한 영화.  
20170225,10,재밌게봤습니다 재심화이팅!  
20170225,10,십점 열글자 열글자 10십십  
20170225,8,관람객재밌긴한데 변호인의 다른버젼같아요  
20170225,9,관람객재밋엇어요^^결말이조금아쉽  
20170225,7,진실을 보여주기 위해선 거짓이 필요하다  
20170225,10,먼저 정우형님 '바람'때부터 진짜 팬이었는데 역시 연기력이 대단하시네!  스토리가 왠지 낯이 있다 했더니 뉴스에서 본 내용인것 같다 10년만에 살인누명 벗은청년이었던가. 아마  누명쓴 사람이 더있을수도... 아무튼 실화영화라 감동이 더했던것 같다  
20170225,6,관람객재심을통해 누명을 벗는 엔딩을 그렸는데내용적인 부분보다 갈등부분이 부각된점  
20170225,10,관람객좋은영화네요~~~ㅠㅠ  
20170225,10,얼마나 억울할까 소년의 가장 빛나야 할 세월이 너무나 안타깝게 흘렀다그 무었으로도 억울함을 풀어주진못할것이다  
20170225,8,관람객저희  아이에게  사화적인 문제를 이해시키는데 도움이 되었습니다!  
20170225,9,연기를 너무잘한다....  
20170225,10,관람객강하늘연기짱!영화너무감동ㅠㅠㅠ  
20170225,9,관람객억울한 사람들이 너무많아  
20170225,10,관람객재심. 입소문이 대단한 영화라고 생각 했는데배우들 한분한분의 연기에 놀라고영화의 스토리에 소름 돋았습니다  
20170225,7,관람객MSG 빼고 담담하게 전하는 이야기  
20170225,8,연기도 좋고 내용도 좋지만  억지감동과 엔딩은 아쉽다.재밌긴했지만 한마디로 연출이 별로.  
20170225,10,관람객좋은영화입니다. 이런일이 지금도 벌어지고 있겠지요...ㅠㅠ  
20170225,1,평점을 재심해야됨 ㄹㅇ 개허무함 그냥 명상하는게낳을듯  
20170225,8,진짜 잘만든영화에요 ...정말 재심이라는 제목이 잘어울렷던영화 하지만... 마지막엔딩이 조금...머랄까 허전하다...고해야할까요  
20170225,8,전체스토리는 슬픈데 깨알연기넘웃김ㅋㅋ 마무리가 좀더 후련했으면하는 억울한마음 .. 영화는 굿  
20170225,6,관람객재판 장면이 없어서 아쉬웠어여 ㅠㅠㅠㅠ  
20170225,8,관람객실화를 바탕으로해서그런지 더 몰입이 됐었던..정우역시 실망시키지않는 연기자입니다 올만에 영화 재밌게봤네요  
20170225,8,뭔가 급하게 마무리하는 느낌....근데 재밌긴합니다  
20170225,8,관람객실화라서 더 안타깝고 울화가 치미는 영화  
20170225,7,관람객살짝 슬프고 쫌 지루...  
20170225,10,관람객감명깊고 화나고 슬프고 통케하고 재밌네요  
20170225,10,"내용도 오르락내리락 하면서 지루하지 않음, 정우씨 등등연기력도 좋고요, 한번 쯤 우리 사회가 생각해봐야할 일들  "
20170225,10,와..너무 멋지다..진짜 경찰들 열 받게 하네..변호사가 캬~말로 표현 할 수 없다..  
20170225,9,"관람객강하늘, 정우 역시 연기를 잘하네요~~~잼있게 잘봤습니다  "
20170225,1,관람객흠...잘잤어요별로입니다  
20170225,10,오늘 보고왔는데 이건꼭봐야한다이런일이 실제로 있었다는것에 화가나고배우들의 연기실력에 놀랐다영화보는데 너무 실퍼 눈물을 흘렸습니다  
20170225,5,배우들의 연기는 좋았으나 고구마만 계속 먹다가 사이다 마시려나 하면 끝남..  
20170225,6,스토리가 '변호인'과 매우 비슷해서 저는 좀 그랬습니다. 그래도 정우랑 강하늘이 서로 울면서 안는 연기는 정말 인상깊었습니다. 미세한 감정선을 느낄 수 있었습니다.  
20170225,8,관람객내용은 괜찮은데 마무리가 아쉽네요  
20170225,10,관람객이거 잔짜 추천 드려요 !!이 영화 진짜 슬프고 공감도 살짝 되고 실화라는게 ...짱짱꼭 봐봅시다 재심 !!  
20170225,9,관람객실화를 바탕으로 한 영화로 잘보았습니다^^  
20170225,10,관람객배우들의 연기력에 푹빠져서 봤어요~!강추합니다  
20170225,10,감동적이기도하고 따뜻해지는영화네요^^  
20170225,10,관람객강하늘과정우가연기를더ㅣ게잘함다고는꼈다  
20170225,10,연기 쩔 진짜 그 사람의 인생을 들여다본듯한 여운  
20170225,10,그것이 알고싶다에 나온 실화. 영화 짱이다  
20170225,9,관람객주조연분들 연기좋았습니다  
20170225,10,관람객감정이입해서 시간가는줄모르고 봤네요  
20170225,10,너무 마음아팠어요 결말은 알지만 조금더 사이다 장면을 봤으면 좋았을텐데 조금 아쉽습니다  
20170225,10,영화보고 이렇게 평점남겨본적없는데 영화보고 정말 감동받아 평점남깁니다.배우들 연기도 좋았고 억울하게 누명쓰신 피해자분 누명벗게되서 다행입니다 .  
20170225,6,관람객마지막 시원한 결말 원했는데 약간 찝찝햇지만 영화속 인물에 동요되어 상당히 재밌게 봤습니다  
20170225,10,감동의 물결이 가시지 않내요ㅠㅠ  
20170225,10,여운이 많이 남는 영화네요 연기를 보는데 진짜 마음이 아프더라구요. 기회가 된다면 영화관에서 또 볼것같아요^^ 두 남자가 아주 잘 어울렸어요.  
20170225,9,진실을 진실된 연기로 전해주는 영화  
20170224,10,사람들이 만들었다만영화라고 하는데 그건아닌거같애요 ㅠㅠ 오히려 재판장면 나오면 더 지저분해보이고 보는 폭이 좁아져서 별로일듯 ㅠ 안나오고 딱 깔끔하게 상상할수잇도록 감독님이 잘 만든듯 ㅠㅠ흥해라  
20170224,10,관람객강추 입니다 역시 최고입니다  
20170224,10,내용 10점 배우들 연기 10점 !!강력추천입니다  
20170224,10,주인공들 연기가 하드캐리! 더불어 과한지 않은 연출이 좋았습니다. 또 실화이기에 감동적이고 따듯했습니다.박준영 변호사님 화이팅!  
20170224,7,관람객살짝 아쉬운감이 있었지만 잘보고왔습니다정우 강하늘 연기좋았어요  
20170224,1,평점알바 다 패고싶어요  
20170224,10,"영화 만들어주셔서 감사합니다.정우,강하늘배우 연기 최고.최군님 삶에 기쁨만 가득하길 기도합니다  "
20170224,8,관람객그냥그냥그냥그래요오  
20170224,9,관람객마지막이 좀 아쉽긴한데 잘봤습니다  
20170224,8,연기가 대박이다.!!  
20170224,10,영화가 끝나고 나는 좋은 변호사가 되겠다고 생각했다. 이 마음 10년 후 법정에서도 변치않길.  
20170224,10,관람객개재밌음 근데 소재가 너무 좋았는데풀이가 어색했음  
20170224,7,관람객강하늘씨 연기가 너무 좋았어요  
20170224,10,관람객조조로 개봉날 봤는데  실화임에도 불구하고 너무 재밌어서 시간 가는줄 몰랏어요  보면서 화도 나고 지금 현시대와 너무 비슷한 상황에 참 씁쓸했어요  많은 분들이 보셨으면 하는 영화입니다  정우 강하늘 연기는 뭐 말할게  없네요  
20170224,9,연기가 너무 좋네요. 마음이 울리는 영화.  
20170224,10,진짜 재미있어요!!꼭 보세요! 강추합니다!  
20170224,1,평점이 너무 조작같음. 별로.  
20170224,10,두 배우의 연기가 정말 최고네요  강추!!  
20170224,10,"오랜만에 많은 생각을 하게 한 영화, 배우들의 연기력 그리고 그들의 대사에 담긴 한국 사회의 정서가 인상깊네요. 감동적이었어요. 특히 실화를 바탕으로 했다는 점이 여운을 줍니다. 완전 강추해요! 꼭 보시길 바랍니다:)  "
20170224,10,관람객권선징악에 대하여 다시한번 생각해 보게 된 영화나쁜짓하는 넘들 다 잡아가라  
20170224,8,시간 가는줄모르고 영화에 집중 할수있어 좋았다  
20170224,8,시간 가는줄모르고 영화에 집중 할수있어 좋았다  
20170224,9,관람객정우와 하늘의 멋진 연기가 좋았음  
20170224,10,관람객강스카이와 쓰레기 연기 훌륭 ㅎㅎ 뒷끝깔끔해서 힐링됏음  
20170224,6,억지 감동을 위한 오글거리는 멘트들..  
20170224,8,관람객너무재미지다아ㅜㅜㅠㅠ  
20170224,1,진짜솔직한후기올립니다. 마무리깔끔하시단분 영화보고서 말씀하시는건가요? 라면에밥말아먹으려고 전기밥솥열었는데 밥이없는느낌 ㅡㅡ  
20170224,9,한숨만.... 꼭 봐야합니다  
20170224,8,관람객재밌게 잘 보았습니다~ 대한민국에서  일어난 일이라고 믿고 싶지 않습니다.  
20170224,6,굉장히 아쉽다 정우 연기 잘한다  
20170224,10,영화보는내내 이 나라에대한 화가 났습니다 썩어빠진대한민.  
20170224,10,보고있다가 강하늘이 바다에서 오열하는 장면보고 감정이입 되서 눈물이 고였다.  
20170224,7,관람객 진실이 밝혀서져 다행이라 생각했지만넘 안타깝고 맘 이 무거웠습니다  
20170224,9,관람객실화라는 사실에 더 화가나네요  
20170224,10,마무리도 깔끔하고 전개도 짜임새 있고 오랜만에 잘본 영화.  
20170224,10,관람객재밋었엉? 시간기는지모르고본영화  
20170224,10,관람객가슴이 먹먹해지는 당사자에겐 지옥같은 이야기  
20170224,9,실화라 조금 놀랐고 변호사도 강하늘도 둘 다 해결해가려고 하는 모습이 너무 멋있었다!! 마지막이 조금 허무하긴 해도 내용 전개 면에서는 좋았다~  
20170224,10,배우들이 연기를  잘해 더 몰입해서 볼 수 있었네요.  
20170224,9,관람객재밌지만 약간 찝찝한느낌!  
20170224,7,관람객결말이 허무하지만 잼게 봣어요  
20170224,10,강하느류ㅜㅠ????????  
20170224,9,관람객현재 상영중인 영화중 가장 볼만함  
20170224,10,정우 강하늘 완전 명연기  실제사건이라 더욱더 집중있게 봤습니다.  
20170224,10,관람객훌륭한 연기. 정우는 언제봐도 연기를 너무 잘함. 바람 다시 봐야될듯.. 변호인과 병행해서 보면 더 좋을듯^^자본주의 체계아래에 법이 얼마나 무력해지는가에 대해 고민할 수 있는 시간^^  
20170224,10,"기대 했던거 이상으로 재미있었고, 배우들의 연기가  너무 좋았네요.. 보시면 후회하는 일은 없으실거같네요.  "
20170224,10,꼭 봐야하는 영화입니다.  
20170224,10,저의 인생에 남을 영화네요  
20170224,10,관람객꿀잼입니다 경찰들이 너무 화나네요  
20170224,10,배우 연기 넘 좋고 사실을 바탕으로 한 내용이라 의미도 있었음. 무거운 주제지만 무겁지않게 잘 풀어낸듯  
20170224,10,연기 진짜 최고입니다 보시면 후회안해요  
20170224,10,"현시국에 딱 맞는,, 그래서 더 마음아프지만 그래도 희망을 보여준 ,,촛불로 정의를 외치는 우리에게 희망이 있음을 보여준 더할나위없었던 영화  "
20170224,10,관람객이때까지변호사 영화중 제일 멋진거 같아요~~  
20170224,10,저런 억울한 사람들이 자꾸 생겨나는 대한민국의 현실에 울고 진심어린 연기에 울었다.  
20170224,6,관람객클라이막스가 부족한느낌  
20170224,7,고구마같은영화 ... 마지막이 너무 흐지부지 강하늘 정우 너무 좋아하는데 ㅠㅠ 연기도 잘했지만 시나리오나 연출 .. 너무 별로  
20170224,10,연기력 진짜 대박소름..  
20170224,10,관람객개꿀개꿀개꿀개꿀개꿀  
20170224,10,이 헬조선의 현주소``  
20170224,9,올해 본것중 제일인듯.. 이런영화 좋아 ㅎㅎㅎ  
20170224,10,정말 재밌고 슬프고 몰입감있게 잘봤어요 ♡ 강하늘 정우 외에 다른배우들 모두 연기잘했어요 ㅠㅠ 강하늘 최고♡  
20170224,1,이익 추구 하던 변호사가 갑자기 태도를 바뀐게 읭? 안 감동 스러운데요;; 당황스럽네.. 화면전환도 매끄럽지않고 대사도 좀 억지스럽고  소재는 괜찮은데 전체적으로 별로.... 이런걸 보고 감독 역량이라고 하나봐요 . 포스터가 제일 나은거같아요.  
20170224,8,관람객내용전개 다 좋았는데 끝마무리가 이게뭐지??하게되네요ㅜㅜ열정적인마무리를 기대했는데ㅜㅜ  
20170224,10,관람객넘나 재밌어요 필수 영화입니다  
20170224,8,관람객시간가는줄 모르고 보다가 끝을 마무리 안함느낌이지만 볼만했어요  
20170224,8,관람객마지막에 아쉬웠어요 연기정말 잘해요  
20170224,10,평점 이런거 잘 안쓰는데 진짜 10점 주고싶은 영화!!!! 좋은 내용 좋은 배우 좋은 감독님 덕분에 제 시간이 아깝지 않은 영화였습니다!  
20170224,10,"현재 대한민국의 현실을 적절히 반영했다고 할 수 있는 영화가 아닐까? 돈과 권력이면 다 되는 세상, 강자가 약자를 짓밟는 현실을 적나라하게 보여주면서도 마지막 엔딩은 여운있지만 깔끔하게.  공감과 감동을 모두 다 잡은 영화라고 생각한다.  "
20170224,10,오랜만에 제대로 본 영화  
20170224,10,눈물이 찔끔..소름돋았어요  
20170224,9,관람객아 보는 내내 감동ㅜㅜ 마지막 재판과정까지 보여주었으면 10점 찍었을듯ㅜ  
20170224,9,"실화를 토대로 만들어서 더 화나는 영화.엔딩이 사이다는 아니라 개인적으론 조금 아쉽지만, 인상적으로 잘 봤어요~  "
20170224,10,역시 믿고보는 정우와 강하늘 잃어버린 10년 돈 주고도 못사는 시간을 보상이될까ㅠ있는자들의 이익보호를 위한 법이 아니였으면 좋겠다똑바로해라 사법부 특검 화이팅  
20170224,8,'있는 자의 일부'보다는 '없는 자의 전부'를 위한 영화  
20170224,7,영화적 만듦새가 썩 괜찮다고 할 수는 없지만 담고 있는 메세지가 주는 울림은 역시나 묵직하다.  
20170224,9,관람객안타까운 이야기ㅠㅠ 변호사님 응원합니다!  
20170224,1,연기좋으면 뭐합니까?   2시간동안 넘지루하네요  .. 마지막도 아쉽고   평점넘높아서 1점..  
20170224,8,관람객연기력좋고 볼 만 하지만  조금 지루함이 없잖아 있는 느낌  
20170224,8,관람객똥을 쌋는데 보니까 토끼똥인느낌. 변을 봐도 시원하지않은 그런느낌 내용은 좋았는데 전개가 더 시원스러웠으면  
20170224,5,알바들 개 극혐이다.... 물론 실화인건 인정하나 너무 억지스럽고 유치하게 전개된다... 몇몇대사는 매우 오글거리기까지.우리사회가 얼마나 썩었는지 보여주고 반성할 수 있는시간을 주는 영화이긴하지망 평점 6점 이상은 너무 과분하다  
20170224,10,관람객정말좋은영화잘봤습니다!  
20170224,10,관람객굿잼써요오오ㅋㅋㅋㅋ오  
20170224,10,먹먹한 감동과 웃음을 동시에 전해주는 영화네요. 스토리도 감동적이고 주연배우들 연기도 최고입니다.  
20170224,8,관람객정우 강하늘  넘 좋아요~~  
20170224,5,결말 장난 나랑 지금하냐  
20170224,8,웬지 꼭 봐야할것만 같은 영화  
20170224,10,오늘 보고 왔어요 꼭 보고 싶었는데 보길 정말 잘 한 듯..  눈물 났습니다. 사법부와 정의가 바로 서길. .  
20170224,10,완전 꿀잼이네요. 꿀잼 꿀재  
20170224,10,강하늘씨 연기 진짜잘하네요 .. 동주에서도 그렇고.. 근데 보고나니 부조리한 사회현실때문인지.. 뭔가 씁쓸하고 공허한느낌ㅋ  
20170224,10,"또 하나의 약속에 이은 재심.. 이런 영화가 많이 나와야 된다. 엉터리 사회에 대한 분노가 느껴진다.  이 사건 관련 경찰은 나쁜놈이고, 검찰은 더 나쁜놈들이고, 판사는 진짜 나쁜 놈들이라는 생각이 들었다.  "
20170224,8,관람객실화라그런지 감동이있음  
20170224,8,관람객매우매우재밌습니다!  
20170224,10,솔직히 재미있는 영화는 아니다. 다만 세상에 꼭 필요한 영화 중 하나일 뿐이다. 그러나 그 하나의 이유만으로 이미 충분한 영화.  
20170224,10,관람객야아다ㅓ다이애야어더나내애ㅓ엉  
20170224,4,감성 좌파영화 그저 그런 뻔한 스토리  
20170224,10,관람객그것이알고싶다로 본 상태였는데 별로 다를게없었당연기잘하고 재밌었습니다~  
20170224,5,아니 밑밥은 다 뿌려놓고... 재판 장면 기다렸는데 그냥 끝내네...  
20170224,6,별 생각없이 앉아서 영화를 보고 덤덤하게 일어나서 극장을 나왔다. 누명을 쓰신분의 억울함은 충분히 느껴지지만...영화는그냥 그랬다.  
20170224,9,관람객이게 실화라는게 믿기지않았고 보상받지 못할 세월들에 마음아팠다 얼마나 억울했을까.. 현우야 앞으론 행복하게만 살자!!  
20170224,7,누구를 위하여 종은 울리나 라는 말이 생각했다  
20170224,10,최근본것중에 제일 재밌었어요. 배우들 연기 모두 좋고 특히 저는 이동휘라는 배우의 연기스펙트럼에 놀랐습니다. 착한역할도 잘어울리고 악역도 소름 돋게 잘하는듯  
20170224,10,갓정우..연기력에 감탄합니다  
20170224,10,재밌어요...평가해야할 영화가 아니라 우리나라 현실에 대해서 생각해봐야할 영화... 저런 경찰들이 나라돈 먹고 살 생각하니 너무 화납니다... 흥행해서 모든 사람들이 봐야할 영화라고 생각합니다~ 정우 강하늘이 다 해냈네요! 좋은연기 잘 보고 갑니다  
20170224,10,관람객두번을 보게 된 영화. 무엇인지 모를 미안함이 생겨나는 영화.우리나라 현실을 투영하고 았는 영화  
20170224,9,"연출은 모르겠으나, 정말 연기는 끝장난다 정말  "
20170224,10,최고!!!!이런 영화 많아지길...이 배우들의 OOO기 멋지다  
20170224,10,관람객모든 배우들 연기가 멋져요많은 생각이 드는 영화였습니다.  
20170224,10,좋은영화입니다. 영화보고 돈이 아깝지 않은 영화  
20170224,10,관람객진짜 영화 잘만들었다..  
20170224,10,"배우님들, 연기 모두 짱입니다.  "
20170224,10,관람객오랜만에 처음부터 끝까지 집중하고 봤어요  
20170224,7,"관람객배우들 연기가 정말 훌륭합니다. 끊임없이 돈,권력 과 휴머니즘을 비교하며 주제의식을 던지는 영홥니다.  "
20170224,9,"영화보는내내 마음이 너무 아팠습니다. 강하늘 연기가 사람을 울리네요 ㅜㅠ..앞으로도 이런 좋은영화 많이 만들어주세요. 이준영변호사님, 꼭 기억하겠습니다.  "
20170224,6,대한민국현실을 나타내는영화지만 돈보고볼영화는아니예요  
20170224,10,대박!!그냥 홍보하고 싶어 미치겠네!처음으로 평점 참여하고 글쓰네요~이이제이 듣고 왔어요^^  
20170224,10,"전개도 속도감 있고 얄팍한 감정에 호소하는 그렇고 그런 영화가 아닌, 깊이 있는 묵직함을 주는 영화입니다.배우들 연기도 엄지척!  "
20170224,10,관람객최고에용 ~~~~ㅎㅎ!!ㅎㅎ  
20170224,9,너무 좋았어요^^ 마지막 재심 장면이 더 오래했으면 좋았을걸요ㅠㅠ 제가 너무 복수를 원해서 일수도 있겠네요ㅋㅋㅋ  
20170224,6,쪼꼼 지루했지만 감성적인듯?ㅎㅎ  
20170224,10,내용 연기 모두 최고에요!!!  
20170224,10,명연기 좋은연출 스토리  너무 감동적이었습니다  
20170224,4,실제사건을 바탕으로 만든 영화래서 기대감이 많았는데 스토리들이 괜찮긴 했지만마지막부분이아쉬웠다.어떻게 재판장면이안나오고 그대로 끝나지?너무 허무함.재판과정이랑 결과랑 좀 신경써서 보여주지.그부분이 가장 중요한 부분인데.. 결말은 신경을 안쓴 느낌..  
20170224,9,관람객나는재밋눈덷..히히히히  
20170224,10,연출도 좋고 연기도 좋고 표현도 좋고 재심 흥해라  
20170224,8,관람객무서운세상에서 사는것같다.힘없는사람만당하는 x같은세상ㅉㅉㅉ  
20170224,7,이 세상에 정의라는게 정말 있을까  라는 의문이 영화가 끝나고나서도 계속해서 맴돌았다  
20170224,8,관람객지루하지 않고 재미있었어요. 다만 마지막에 조금 아쉬웠어요  
20170224,1,마지막에 제작비좀 굳혔서 굳굳굳  
20170224,7,감동깊고 활기찬 영화였지만 띄엄띄엄 짤라나오는 부분이 아쉽고 마지막에 재판내용없이 끝나 아쉬웠네요.  
20170224,10,관람객정우의 진심이 담긴 메소드 연기력이 최고 좋았습니다.  결말을 알고 있었음에도  재미있었고  내생에 최고 몰입해서 본 영화입니다.  
20170224,9,영화 변호인과 많이 비슷하지 않을까 했는데 강하늘 정우의 명연기로 너무 재밌게 봤습니다. 웃음포인트도 있어서 좋았어요  
20170224,8,관람객강압수사의 부당함을 다시 한 번 생각하게 한 영화.  
20170224,9,관람객둘다 연기 너무 잘해요!!!!형사....하아...ㅡㅡ  
20170224,9,지루하지 않고 집중해서 봤어요. 너무 안타깝고 감동적이고 그랬네요ㅜ  
20170224,10,관람객하~ 역시 믿고보는정우님 다들 연기너무좋았습니다  
20170224,8,관람객잘봤습니다..열자.  
20170224,10,관람객연기가...와.. 이런게 영화징~~!!!  
20170224,8,관람객나름..괜찮은영화...가슴이먹먹해집니다  
20170224,8,관람객정말 감동적인 영화 재밌게 봤어요  
20170224,8,관람객가슴뭉클한감동이있는영화다.  
20170224,7,관람객변호인 보다 더 좋았습니다.  
20170224,7,관람객재미없어요!!!아낙  
20170224,8,관람객겉멋만 든 재판물이 아닌 깔끔함  
20170224,9,결말이 조금 아쉽긴 했지만 연기는정말..  
20170224,10,관람객배우들의 연기가 너무감동적이였습니다오랜만에 정말좋은영화봤습니다  
20170224,9,관람객요즘같은 시대에 대한 외침 같네요.억울한 사람이 없는 세상을 희망합니다.  
20170224,10,관람객군고구마 먹은듯이 답답했으나 볼만함  
20170224,10,보는 내내 이빨 깨물고 봣습니다 넘 열받아서요 그만큼 배우는 연기가 실감 낫습니다  
20170224,9,관람객지루하지 않고 재밌게 봤습니다.  재심 강추  
20170224,3,영화가 그닥이네요..  
20170224,9,"너무 재밌게 봤어요! 변호인같은 느낌도 있고 실화배경에, 요즘같은 세상에도 진실을 추구하는 변호사가 있구나 새삼 감동받고 나왔어요!  "
20170224,10,"관람객말로할 수 없는 여운.. 인생영화라는 타이틀을 감히 붙일 수가 없다. 영화보다 영화같은, 영화라기에는 너무 잔인한 누군가의 인생이라서..  "
20170224,10,헬조선을 보여주는 영화! 제발.. 한국인들이라면 봤으면 한다.  
20170224,1,영화개봉하고 평점 엄청 좋길래 기대하고갔는데 영화보는내내 답답하고 지들끼리 싸우다가 마지막에 진짜 어이없게 끝나서 이거뭐지..?하고 봤습니다.  
20170224,3,관람객리ㅣㅐㅍ어5ㅓㅣㅍ뇙  
20170224,10,대한민국 국민이라면 꼭 봐야하는 영화  
20170224,10,관람객정말 감동적이었고~ 배우들의 연기력 또한 최고였습니다^^  
20170224,9,관람객연기를 너무잘해요 재미있었어요  
20170224,9,처음부터 정말집중하고본영화!! 중간중간에 웃음포인트도있고배우들 연기력도 좋았어요!bb 근데 결말은쫌많이아쉽네요ㅠㅠ  
20170224,1,아무리 실화라곤 하지만 이렇게 결말이 훤히 내다보이고 긴장감 하나 없이 결말이 궁금하지 않은 영화라니...연출력의 부재...  
20170224,10,관람객마지막에 눈가 젖었던 그런 영화.  
20170224,10,관람객재밌었어요 다들 연기도 짱 와우!!  
20170224,10,관람객마지막까지 잘봤습니다.  
20170224,9,관람객마지막 부분이 좀 아쉽네요....  
20170224,8,관람객내용이 예상은 가지만 재밌네요  
20170224,10,관람객전체적으로 괜찮았습니다! 배우들이 갈등을 해결해가는 모습이나 이런저런 사건들이 리얼하고 몰입하게 되더군요  
20170224,10,관람객재밋어요정우강하늘연기너무잘하는듯  
20170224,10,ㅌ다영화를보면서 참부끄러운 마음이 많이 들었던것 각  
20170224,8,관람객다 재미있었는데끝이 좀 흐지부지하네요.  
20170224,9,관람객법이 사람을 지키기위해 있는지 느끼게 되었습니다  
20170224,10,짐우리나라 상황을 잘나타내서 매우 화남 재밌어요  
20170224,9,몰입감 장난아니였던듯 진짜 초집중해서 봤던거 같음  
20170224,10,관람객생각보다 재미가 잇네요  
20170224,8,관람객강하늘 연기가 물이 올랏네요  
20170224,10,관람객재밌어요 배우분들이 연기를 잘하시네요  
20170224,7,관람객배우들의 연기가 몰입도를 높여준 영화.  
20170224,9,배우들 연기에 9점을 드리고갑니다  
20170224,10,이건 점수를 떠나서 최고의 영화다  
20170224,10,관람객강하늘 연기짱! 좋았어요  
20170224,10,관람객정우 차세대 송강호 설경구 안성기 ㄹㅇ  
20170224,10,마지막에 진짜휘몰아치는감정연기 나도모르게울컥눈물이난다..그알때메잘알고있던 사건이라더욱이 감정이입..강하늘의 재발견이다 진짜 찬사를보낸다  
20170224,10,"지난주에 봤는데 영화 괜찮았다. 정우와 강하늘,김해숙의 연기도 좋았고.  "
20170224,5,관람객그냥그런듯..안보는걸 추천  
20170224,10,추천합니다...^^  
20170224,10,정말 영화보는 내내 분통함과 가슴이 무너져내리내요 다시는 이런일이 일어나지 않아야한다 생각합니다... 제가본영화중 최고입니다 정말멋지고 자랑스럽고 훌륭하신 변호사님 그리고 영화감독님 고개숙여 감사합니다.배우분들 연기에 눈물이안날수없네요...  
20170224,8,관람객재밌습니다 지루하지 않게 봤네요  
20170224,10,진짜 재밌게봤음 처음부터 끝까지 지루할틈이없었음 결말이 허무하긴 했으나 재밌음 근데 기본500만 넘을줄알았는데 왜 100만에서 맴도냐  
20170224,10,저 알바 진짜 아닌데 배우들의 연기가 정말 좋았고정의실현의 영웅영화의 뻔한 스토리가 아니고관객들이 몰입할 수있도록 그리고 이 사건을 영화로 다룬감독님 대단하신거 같아요!!!무조건 추천 꼭 보세요.  
20170224,9,대한민국 현주소를 보여주는 영화.그리고 정의가 실현되는 마침표를 어서 빨리 찍을 수 있길.  
20170224,10,배우들 모두 연기잘하고 정말펑펑울며 가슴아픈 영화였다  
20170224,1,"댓글알바 장난아니네요.. 진짜 재미없어요. 좋았던거라곤 배우들의 훌륭한 연기뿐. 연출도 각본도 끔찍해요. 앞부분은 너무 질질 끌고 뒷부분은 급마무리한 느낌이네요. 정우, 강하늘의 필모그래피에 이런 작품을 남겼다는게 안타깝네요. 배우들의 연기가 아까움.  "
20170224,6,쫌  지루해요. 솔직히  잼없어  
20170224,9,관람객정우님의연기도쨩 내용도굳  
20170224,10,진짜 꼭 보셔야할 영화입니다.  
20170224,8,관람객끝이 허무하게 끝나 아쉬웠습니다  
20170224,10,최근본 영화중에 최고다!!! 단 1분도 지루하지 않고 몰입할수있었다... 영화소재가 다소 무거울수도 있는데  중간중간 웃음코드도 있어 좋았다 정우&강하늘 연기 진짜 대박이다 빡센 연기 전문배우 김해숙님도 대단!! 짝짝짝  그리고....백철기 너 이새끼  
20170224,9,너무 많은것을 이야기하려다 이도저도 아닌게 되어버렸다. 재심이 결정되기전에 영화 제작을 발표하고 무죄판결전에 영화가 만들어져버렸으니 촬영도중 수정이 많았을법. 마치 쪽대본 드라마를 본듯하다. 어쨌든 재심 또는 무죄판결에 일조했으니 +2점 추가!  
20170224,10,잘몰랐던 사건이였는데 영화보고 알고갑니다. 그리고 끝이 조금 허무했지만 차라리 그렇게 끝나서 마음이 편한것 같기도하고 무엇보다 배우님들의 명연기에 장면하나하나 놓칠 수가 없었습니다 ㅠㅠ 아직도 먹먹하네요  
20170224,10,연기케미좋고 스토리 몰입감 굳슬픈대한민국의 현실  
20170224,9,관람객내가 이거 다시 보러간다  
20170224,8,배우들의 자연스러운 연기와 곳곳에 숨은 해학적 요소들 잘 세워진 도미노 같지만 끝이 너무 허무해서 아쉬웠다.  
20170224,3,관람객기대하고봤는데 생각보다 너무별로였어요..  
20170224,10,관람객재밌게봣어요 ㅎㅎ 추천합니다  
20170224,10,관람객너무슬프고 감동적이엿어요  
20170224,6,관람객스토리 라인도 재밌고 연출도 잘했음 배우들이 워낙 연기를 잘하기로 소문난 배우들이라 기대치에 비해 살짝 아쉬운 편임  
20170224,2,뒤로 갈수록 감독의 역량부족이 여실히 드러나네요.. 사건 결론 전에 될대로 되라 준비한 느낌을 지우기 어렵다는 개인적 의견이 생깁니다  
20170224,10,관람객연ㄱ좋어욯ㅎ배우들굿  
20170224,7,밀도있는 스토리는 아니었고 뻔했지만정우연기는 일품..강하늘이 너무잘생기고 귀티가나서 배역몰입에 너무 방해됬다 잘생기고 멋진남자가 억지거지분장 한 느낌?  
20170224,7,관람객배우의 연기는 좋았으나 한국씩 복수와 전개방식은 늘 해오던 방식이라서 집중도가 떨어졌다  
20170224,9,관람객아직 나라가 변하려면 멀었나요 점점 좋아지는 나라에서 살고싶습니다 변호사님과 영화를 만들어주신 분들께 감사하네요  
20170224,6,전반은 재미도있고 괜찮았지만 후반으로 갈수록 스토리가 훅훅지나가는느낌 ㅠ  
20170224,7,관람객실화를 바탕으로 해서 그런지 현실성이 느껴져서 재미 있었지만 마지막에 글로만 결과를 알려준 부분이 조금 아쉬웠습니다  
20170224,10,관람객재미있어요 감동도있고 재미까지 !!  
20170224,10,평점 남겨보긴 처음입니다. 최근 영화 다 봤는데 제일 여운이 남고 좋은 영화네요. 구성도 잘 되어있고 무엇보다 배우들 연기와 명언들이 가슴에 와닿았습니다감동적이고 재밌어요 이런 영화가 대박나야죠!!!  
20170224,8,관람객정우 연기 인상깊게 잘봤습니다!  
20170224,10,관람객재미써땅ㅎㅎㅎ호호ㅎㅎㅎ  
20170224,9,관람객잘봤습니다 그런데마지막장면이 뭔긴아쉽습니다  
20170224,3,"변호사의 성장도 보여주고 싶고 높으신분 썩은것도 보여주고 싶고 진실을 추적하는 이야기도 보여주고 싶고... 결국은 어느 하나도 만족스럽게 보여주지 못하고, 보여주는것들도 전부 툭툭 잘려나간것처럼 어색하게 붙어있다. 배우들의 연기력이 유일한 위안거리.  "
20170224,9,사건이 너무억울해서 눈물이 나왔음...박준영변호사님 멋있음  
20170224,8,이런게 실화가 가진 힘 아닐까. 공권력에 부당하게 고통받았고 또 받을 수 있는 사람들을 깨우는 영화라고 본다.  
20170224,9,관람객너무 재밌었습니다.~~  
20170224,3,"관람객뻔한 전개....,,  "
20170224,6,"관람객약간 뻔한 느낌의 감동, 영화보다는 tv 드라마가 어울릴 듯  "
20170224,6,"스토리야 실화로 만들었으니 뻔한거였고.. 전형적인 신파와 감동을 일으키려고 참으로도 애쓴 영화. 그렇지만 정우와 강하늘, 그리고 이동휘의 연기는 훌륭했다. 정말 앞으로도 지켜볼 배우들!!  "
20170224,10,관람객너무나 감명깊게 잘봤습니다!  
20170223,7,관람객결말ㅈ이 좀 아쉬운 영화옇습니다...  
20170223,9,"관람객실화를 재구성했다니,연기력 쩌네요 배우분들...  "
20170223,9,관람객정우 짱!!!!멋진남쟈~~~ㅋ  
20170223,10,관람객이런영화 많이만들어져야합니다  
20170223,10,최근 본영화중에 젤 꿀이었다 ㅇㅈ  
20170223,9,배워서 남줘야겠다는 생각을 들게하는 영화  
20170223,1,이게뭐라고 2시간이나 잡아먹는지 장르가 뭔지도 참 애매.연기는 잘함.피터지게 싸우는장면밖에없고 걍 뻔한스토리. 한마디로 스토리 핵노잼..겁나지루 그사이에 되도안되는 사랑이야기 중간에 쑤셔넣은듯한느낌. 엔딩겁나허무. 노잼진짜ㅠㅠ돈아까움..루시드드림볼걸  
20170223,9,"뭐 사이다 같은 결말이면 속시원했겟지만, 나름 스토리상 나쁘진 않은 결말이엇다. OOO가튼 검사랑 형사놈들 실명 밝히고 매당당해야되진짜 자살한 박경위말고 다른 사람들 다 뭐하고 사는지 밝혀라  "
20170223,10,관람객볼만해요 ㅈ뻔하긴하지만ㅎ  
20170223,9,"진짜냉정하게 연기,스토리,배우 다좋았다. 하지만 마지막이 조금허무하게끝나서 9점!  "
20170223,10,관람객매 장면 울림이 있는 영화였습니다  
20170223,7,관람객실화라 봐야할 영화라고 생각되서 본거긴 하지만 약간 루즈한 느낌이 잇네요ㅎ 마지막 재심때 좀더 자세히 나왓음 더 좋았을껄ㅠㅠ..  
20170223,10,관람객재심  영화 기다리고있었었는데드뎌 보고왔습니다~~  
20170223,9,기대안하고 봤는데 안봤으면 후회할뻔했네요 아직 정의는 살아있음을 느낍니다! 박준영 변호사님 감사합니다  
20170223,7,관람객실화라 더 안타까웠던...  
20170223,10,관람객밤에 재밌게 잘 봤어요ㅎㅎ  
20170223,9,관람객두시간동안 시간가는줄모르고 봤습니다. 정우의연기가 몰입도가있고 하늘이역시 좋았어요.!  
20170223,9,관람객감동이 뭔가 이프로 부족한듯  
20170223,4,"재밌는데 끝부분 사이다가있었으면 좋을걸 재판과정은 없고 시작하겠습니다! 하고 끝,,,연기는 잘하는데 하 똥싸다 끊긴 기분  "
20170223,10,꼭한번봐야할영화..  
20170223,10,관람객차라리 영화였다면 싶을 정도로 억울함이 너무 슬프다.. 실화라서 더 화나는 영화 ..  
20170223,9,관람객정우가 좋아서 본영화 강하늘이 불쌍하고 형사는 똑같이 때려주고싶음나라에게 법으로 보호받지못한 경험이있어 더 공감된 영화!그래도 우리나라에 정우같은 사람 한사람은 있어야하지않겠어?  
20170223,9,진짜 잼있고 배우들 연기도 넘 실화 이상 마음으로 와 닿았음~  
20170223,8,관람객마무리가 아쉬움 그래도 재밋어여~~  
20170223,9,관람객재미와 감동이 있는 영화네요 추천  
20170223,9,재밌다. 그냥 시간때우기가 아니라 시간내서 봐도 좋을것같다.  
20170223,10,관람객정우 강하늘 꿀잼 재밌어요 보세요  
20170223,5,관람객실화라는게 너무 화가 나네요 근데 밤새고 보러 가는 바람에 중간에 잠이 들어서 ...ㅠㅠ같이본 동생은 꿀잼이었다고..다시 봐야겠어요 ..  
20170223,7,관람객내용은 해피엔딩이지만..지루한 느낌...  
20170223,8,관람객정의로운 사회를 구현코자 하는영화다.  
20170223,8,"관람객참 착한 영화라고 생각합니다. 진실이 승리하는 것이 참 여렵다는 것에 마음이 아팠고 그래도 진실과 정의가 승리할 수 있다는 걸 보여줘서 좋았습니다. 무거운 내용이나 중간중간 재밌는 요소가 있는 것도 좋았습니다. 마지막이 좀 아쉬웠어요! 그래도, 추천!  "
20170223,2,관람객너무 폭력적이었어요.  
20170223,10,재밌게 봤어요 101010  
20170223,10,관람객솔직히 별로 기대안하고봤는데 정말 좋았습니다! 꼭보시길!!!  
20170223,8,연기는 잘하는데 재미는 그럭저럭  
20170223,10,관람객감동적이네요.ㅠㅠㅠ  
20170223,10,스토리도 탄탄하고 볼만함 !  
20170223,8,조작된도시와 재심은 남주가 같은 처지이다.조작된도시는 재미있고 빨랐지만 개연성이 없었다.재심은 지루하고 느렸지만 개연성만큼은 따봉이다.  
20170223,6,관람객연기력은 좋았지만..실화를 바탕으로 해서 그런지 좀 뻔한 스토리...  
20170223,9,예측 가능한 법정영화 시나리오를배우들의 명연기로 커버해버린 영화  
20170223,10,후회 안해요. 보시고 별10준비  
20170223,10,크 간만에 영화 재미있게 봤다  
20170223,9,개봉 다음날 봤는데 개인적으로 작년에 떠들석했던 사건이였고 그것이 알고싶다에서 본적이 있던 사건이라 더 몰입이 됐다 마지막 변호사가 판사가 등지며 하는말에 공감한다.  남친은 7점또는 8점 정도라고 한다. 법의 정의가 살아있기를. . 미안합니다. .  
20170223,8,관람객연기자들 연기가 일품요 !!  
20170223,7,관람객마지막 결말 장면 김빠진 사이다..  
20170223,5,"소재는 좋은데, 재판과정도 하나없고 사이다도 없음. 스토리가 너무 허접함 ㅠㅠ  "
20170223,10,관람객재미있게잘보았습니다  
20170223,10,긴말 필요없습니다 당연히 10점 영화  
20170223,9,관람객돈과 권력이 힘인 세상위에  진실이 존재할수있다는걸확인시켜주신 실제 재심청구에 힘써주신 박준영변호사님의 용기에박수를 보내드리며  제2 제3의 박준영변호사님이 계실거라고 진심 믿고싶네요~오랫만에 마음울렷던 좋은영화였다고몇자 남겨봅니다~  
20170223,7,관람객이런일들이 빈번히 일어나고 있는게 무섭다억울하게 수감된 사람들을 위해 변호하시는재심 전문 변호사님 정말 존경합니다  
20170223,1,연기만 좋음... 그이상은 기대안하시고 보는게..  
20170223,6,관람객감동적으로 마무리가되어서 뿌듯한 느낌을받았어요  
20170223,9,관람객잘 봤습니다. 좋았어요  
20170223,8,SOSO..근데 주인공이 16년동안 감옥에 있었다는 생각에 눈물이 났다. 검찰 경찰은 반성해야 한다. 욱하면서도 슬펏던 영화  
20170223,8,관람객재밌게 잘 보고 갑니다요  
20170223,8,관람객마지막쯤가서 급전개에 오글거리는 대사가 조금 있는듯.. 배우들 연기는 잘합니다  
20170223,9,관람객흠.. 재밌다! 적절한 감동 적절한 스토리! 실화바탕이라 더 와닿아서 마음이 너무 아팠다ㅠㅠ  
20170223,10,관람객강하늘 연기가 너무 좋았어요  
20170223,10,관람객짱짱맨이엇어요^^ 두번보고 싶어요  
20170223,8,관람객잘봤습니당^^~~~~  
20170223,10,관람객가나가나가나가나굿굿긋  
20170223,10,너무 감동이고 영화를통해서 이런안타까운일이 더이상 않일어났으면좋겠어요  
20170223,8,관람객그런데로 볼만합니다. 약간의 지루함도 있고  
20170223,10,실화라서 더욱 마음이아픈.. 울컥하는영화였습니다  
20170223,6,관람객잼있게 잘봤어요 연기도 잘하네요  
20170223,10,배우들 연기 최고네요..  
20170223,9,관람객잘 만들어진 영화 같았습니다.  
20170223,10,관람객넘 감동입니다~~믿고보는 한국영화~~화이팅!!  
20170223,10,그냥 다른거 다 필요없고 연기 진짜 잘한다 그냥 몰입이 될수밖에 없음..  
20170223,6,결말이 너무 아쉬움...자막으로 다해결하시다니요ㅠ...훈훈한마무리 장면을 원했는데ㅜ  
20170223,10,나만 당할수 없다. 평점을 올리자  
20170223,10,관람객다른사람은 재미없다고하는데 전 재밌게봤어요  
20170223,8,관람객재미있게 봤습니다 믿고 보는 정우  
20170223,8,관람객배우들이 울 때 내 눈에두 눈물이 주르륵 주르륵 ( ；∀；)  
20170223,3,정우 연기 좋았고.. 강하늘은 아직 연기가 그렇게 뛰어나진 않은거같다 . 스토리는 좋았는데 연출이 아직 부족한듯.급 마무리되는 느낌이... 크게 흥행 할 영화같진 않음.재밌으려하는 찰나에 끝남 ~  
20170223,9,끝부분이 약간 아쉽지만 재미나게 봤네요 역시 예매율 1위  
20170223,10,흐륵....윽 ㅠㅠ 가슴 벅찼다...ㅠㅠ 정우...  
20170223,8,관람객그냥 볼만했어요 강하늘 이랑 정우 연기는 좋았구요~~  
20170223,10,관람객좋아요 재밋어요 잘봣어요  
20170223,10,연기력 우수..실화...영화 변호인같은 느낌...좋았음..  
20170223,8,관람객좋은시절이라하는데 참 남이사 억울하게당하든말든 나만좋으면 좋은시절이라하는 꼰대들에게 한방먹이고싶은 영화배우들 연기도좋았습니다  
20170223,10,관람객실화라고 하니 안타깝습니다 감동적으로 잘 봤습니다  
20170223,10,정우님 강하늘님 연기돋보였습니다 그리고 다른 주.조연분들 너무멋있었어요..  
20170223,1,익산 저런 사투리 안씁니다..바다도 없구요 뭐 그런건 이해하겠는데 무슨 장르가 액션인지 드라마도 아니고 법정스릴러도 아니고 애매하기만 함..쓸데없는 로맨스하며 일부러 우겨넣은듯한 씬들 어느것하나 매끄럽지 못하다 최악.  
20170223,10,관람객정우 연기력이 너무좋았어요!! 실화라는이야이기에 감동이더한거같아요!!  
20170223,10,"100%리얼후기다.재심,조작된도시 둘중에 고민하는사람들 이나볼거없거나 심심한사람들 고민하지말고 재심봐라 후회안한다.  "
20170223,6,아니 왜 재심하려는 씬에서 끊냐? 프롤로그 오지게 길게 해놓고 이제 우리들의 모험은 시작이야! 에서 끝나는 기분임  
20170223,6,관람객볼만한데 진짜 개지루함  
20170223,10,관람객어흐흐흐흐흥 감덩.... 눈물 찔질 흘렸어요 ㅠㅠ  
20170223,4,관람객변호인을 너무 따라했다 생각함..  
20170223,8,생각보다 좋았어요 포스터부터 좀 진부할 것만 같았는데 이야기를 풀어가는 데 있어 군데군데 독특한 부분이 있네요 강약도 잘 조절돼 있구요 연기도 훌륭하시구요 다만 큰 틀에서 실화영화의 클리셰를 그대로 따라가는 것이 좀 아쉬웠습니다 특히 결말부분이요  
20170223,8,관람객실제 있었던 사건이라  재심을 통해 무죄 판결로 마무리되어 통쾌햏음  
20170223,10,관람객재미있어요마지막에결말이조금허무하지만전체적으로정말재미있습니다  
20170223,1,국뽕만 맞으면 일단8점은 넘는구나 아무리 쓰레기라도..  
20170223,10,정의는 살아 있어야 한다  오랜만에 재미있게 봤던 영화결과가 좋아서 다행이네요  
20170223,9,재밋게보구왔어요 ! 강하늘씨 연기 진짜 최고!  
20170223,10,엔딩이 통쾌했으면 했지만 그래도 좋다  
20170223,9,관람객재밋고감동적인영화였습니다  
20170223,8,관람객좋은사람과 봐서 좋았던영화!  재밌게봤습니다~~  
20170223,10,국회에서 법원에서 청와대에서 수십차례 상영해야할 영화.  
20170223,9,관람객재미었습니다 재미었습니다  
20170223,9,실화여서 슬픈영화~~대박나세요  
20170223,8,"관람객연기력과 전개 등 완벽한 영화, 그리고 이런 시국에 꼭 필요한 영화인듯  "
20170223,10,관람객정우씨 연기가 일품입니다  
20170223,10,그냥 명작인거 같다.... 한국인이라면 꼭 봐야하는 영화  
20170223,10,정우와 강하늘의 OOO기와 탄탄한 스토리!!굉장히 재밌었습니다. 꼭 보세요!!!!  
20170223,8,관람객보는내내 슬펐어...  
20170223,10,감명 깊게 봤습니다~ 기대 이상  
20170223,10,오늘은 내생일 50아줌마 3명이   재심을 선택하고 탈외출을 시도했다 화려한 건물이 아닌 소외된 장소에서  관객에게 정의감이 불타오르게 하면서 30대라면 변호사에 도전해보고 싶은 욕망이 솟구쳤고 시간과 돈이 아깝지 않개 생일을 보낸것에  박수를 보냈다  
20170223,10,멋진 캐스팅이  작품을 더욱 살립니다.  재심이라는 다소 어려운 법적 사실을 배경으로 흥미롭게  몰입한 배우들의 보기 드문 감동작 중 하나. 적극 추천.  
20170223,8,관람객실화라는것에 더 무게감있게 봤던영화  
20170223,8,"영화로써는 봐줄만한 영화이고, 현실적으로는 꼭 봐야만하는 영화  "
20170223,9,정말 오래간만에 괜찮은 영화를 보고 나왔다..는 생각이 드는 영화였다.  
20170223,8,재밋엇으나 관객땜에 집중하기 어려웟음ㅠㅠ  
20170223,10,관람객재밋엇어요 ㅎㅎ 마지막이 좀 아쉽  
20170223,9,관람객재밋어용! 역시 믿고 보는 배우 정우!  
20170223,8,관람객연기굿. 한동안 많은 생각이 들게한 영화.  
20170223,9,관람객연기좋고 지루하지 않고 답답하지 않은 작품입니다.  
20170223,9,관람객실망스러운 대한민국을 제대로 까는 영화 ㅋㅋ  
20170223,10,관람객정우 연기 잘하고 재밌네요  
20170223,9,관람객재밌었어요!!! 자극적이지 않으면서 편하게 볼 수 있는 영화인것같아요  
20170223,10,관람객넘~가슴아프다요즈음영화에서최고인것같다배우들연기대단하다이작품을만든감독에게경의를표하고싶다  
20170223,7,두 배우의 연기 케미가 돋보이는 영화! 너무 무난하게 흘러가는 연출과 이야기 전개는  조금 아쉬웠어요.  
20170223,8,관람객영화관을 나온 후에 더 먹먹해졌습니다 정우 강하늘을 포함한 모든 배우들의 연기가 좋았어요  
20170223,9,관람객연기력이 좋아서 지루하지않게 봤습니다.  
20170223,3,관람객별로야...ㅠㅠ잼없어  
20170223,9,관람객기대이상 볼만했어요끝에 재심 하는것도 함께 나왔음 좋았을텐데..재심 하고 무죄 판결까지 나왔음 좋았을텐데...아쉬움이 남네요~  
20170223,10,여운 여운 여운 여운 여운  
20170223,8,관람객보면서 변호인 생각이 나긴 했었음.  다들 연기 잘하고 스토리도 급작스러운게 없어서 재미있게 봤어요.  
20170223,7,관람객조금 지루할수잇으며 내용은 그럭저럭좋습니다  
20170223,1,지루하고 진부한소재네요  
20170223,9,관람객시간가는줄몰랐네용  여울이졸귀졸귀합니당  
20170223,6,"훌륭한 배우, 훌륭한 연기. 밋밋한 연출과 어찌할 바를 모르는  시나리오.  진정한 의미로 배우들의 연기만이 돋보이는 작품이었습니다. 두 번 보고 싶지는 않네요.  "
20170223,9,관람객재미는 있는데 좀 뻔함..ㅠ  
20170223,6,관람객정의가살아있었다. . .  
20170223,10,경영이 성님만 보입니다이변...그만하지...키야~~~  
20170223,9,관람객정우.하늘 연기잘함요!^^이 세상에 저런 일들이 수두룩 할것같은 ....  
20170223,8,관람객열이받아요 보는내내 진짜  
20170223,9,관람객아주 재밌게 잘봤습니다 좋아요하늘이 멋져  
20170223,10,전라도 정말 무서운 곳이네요;;;;  
20170223,10,관람객재미있어요 연기짱!!  
20170223,10,관람객약간 뭐랄까 영화를 대충만든거 같은데 재밌음  
20170223,5,관람객배우들 연기는 좋았지만...  
20170223,1,설마했더니 과연 전라도...  
20170223,1,배우들 연기는 훌륭했으나 연출면에 형편없는 영화였다 마무리가 상당히 아쉬운 느낌.  
20170223,10,관람객왜 이 영화의 평점이 높은지 알겠네요배우들의 연기력과 스토리와 구성이 너무 완벽한 영화인거 같습니다간만에 너무 재밌게 봤습니다  
20170223,8,관람객 명확한 살인동기가  부족해서 아쉬웠지만..재시에 대한 부분이 명쾌하게 보여져 재미있었습니다. 형사에 대한 처벌이 강하게 있었으믄 좋겠어요.  
20170223,9,관람객완전쮸아아아아앙짱재미미이이이써  
20170223,10,관람객생각보다 연기도 좋고 재밋엇음  
20170223,10,이건 재미로 보는 영화가 아닌듯 합니다악역을 너무 잘해주셔서 보는내내 화가 많이 났구요정말 믿어지지 않는 실화영화에요 꼭 보세요!!!!  
20170223,9,"실화를 바탕으로 제작되서 더 많은 의미를 줬던 영화. 연기도 좋았고 감동도 있었다. 하지만 진범 만나는 부분과 경찰 수사 좌절되는 부분 표현이 확대되어 표현되지 않아서 아쉽다, 재미보단 한 사건을 알게 된다는 것에 초점을 두고 보면 좋겠다.  "
20170223,8,관람객감동적이였고 두배우분들 연기좋았습니자  
20170223,10,이게 실화라니...대박이에요....명작...  
20170223,8,관람객재밌어요! 다만 결말이 좀 아쉽네요  
20170223,9,좋아하는 배우가 나와서 가벼운 마음으로 봤는데여자랑 검사 빼고는 다들 진짜 연기 탄탄하고고구마10개 먹고 답답한 속에 사이다 한 패트병 다 마신기분이예요 추천추천  
20170223,10,강하늘연기가 가슴이 아프게 다가옵니다. 정우연기는자연스럽게 극의 무게감을주고.  격한 감정을 일으키기보다 잔잔한 감동을 주는 연기였어서자꾸 다시 보고싶단 생각이.  
20170223,9,관람객재미나게봤어용~~~  
20170223,1,고구마 먹고 사이다 안마신 느낌. 재심에서 페이드아웃 돼버려 허무했음. 재판과정이 추가됐다면 진부했겠지만 정말 이건 너무 허무함. 실화라고 해도 그렇게 가슴먹먹하지도 않고 ... 그냥 실제사건 다룬 영화이면 다 괜찮은 영화인 건가  
20170223,9,관람객뭉클하게 울뽄했는데 끝났어요 ㅠㅠ ㅋㅋㅋ  
20170223,10,최근 본 영화중 가장 좋았습니다. 아이가 보고 싶다고 해서 봤는데...생각보다 너무 좋았어요. 오늘 하루 스타트를 잘한 느낌...  
20170223,10,관람객끝이 좀...아쉽지만 두배우의 연기는 정말정말 최고였음 ... 믿고보는 재심!!  
20170223,10,관람객보는데 속에서 열불이 나네 썩어 빠진 사법기관과 경찰들 때문에  
20170223,10,관람객시간 가는줄 모르고 봤네요. 배우들 연기  
20170223,10,처음에 이 영화를 보기전에는 별로 기대안했었는데 진짜 생각보다 정말 감명깊은 영화 였던 것 같고 실화를 바탕으로 만든영화라 더욱 더 인상깊게 잘봤습니다!! 무엇보다 배우들이 연기를 짱 잘하셔서 영화보는 내내 한순간도 눈을 뗄  수 없었어용  대박나세요  
20170223,10,관람객부패한권력ㅠㅠ 실화라서 더욱 와닿앗어요  
20170223,8,실화를 바탕으로 한 영화라 속이 시원하다  
20170223,10,관람객배우들의 연기력이 돋보였던 영화  
20170223,9,관람객기대없이 혼 영화지만 나름 재밌게 봤네요~  
20170223,8,관람객보면서 가슴이 먹먹해 지고 울분이 나는 영화. 하지만 따뜻함이 느껴지는 영화  
20170223,10,연기가 어땠는지 내용이 어떤지 모르겠고 옆에 있는 내여자친구가 너무 예쁘다  
20170223,10,관람객영화마지막에 나온 실존 인물 박준영 변호사 같은 분들이 더욱 더 많아 지기를..  
20170223,8,세상을 바꾸고자나는 정의감을 불타오르게 해준 영화이다  
20170223,9,관람객연기굳 재밌었어요!!!!  
20170223,9,이런영화가 만들어지기가 얼마나 힘든지 잘알기에 시사회로 봤지만 또 봤네요...금수저물고 태어나지않은 그 누구든 현우가 될수 있단공포..공권력에게 짓밟히는게 나일수 있다는 그 이유만으로도 억울한 약자의 작은신음에 귀기울여야함을 깨닫습니다  
20170223,9,관람객실화를 소재로 했다니..  
20170223,10,관람객너무재밌어요 추천합니다^^  
20170223,6,좋은 영화지만 그렇게 재밌진 않았다.  
20170223,10,관람객재미있어요잔잔한감동과  
20170223,10,관람객올해 가장 재밌게 본 영화  
20170223,10,너무나 가슴 아파하며 봤던 영화 또한 법의 정의를 위해 일하는 사람들이 얼마나 정의와 정직하게 일하게 힘든지 새삼 깨닫게 된 영화 그래도 단 한명의 정의로운 변호사가 있다는 것이 감사했다. 보는 내내 마음 아팠고 미안했다.  
20170223,8,관람객마지막이 약간은 허무한하지만 스토리는 탄탄 중간부는 약간 지루  
20170223,5,관람객그냥...그냥...그냥...ㅋ  
20170223,10,연기도일품 몰입도도 엄청낫고 정말 재밋게봣네 와  태어나서 글쓰러 오긴 처음이네  
20170223,8,관람객마지막이쫌 머지..이런느낌이였지만 전체적으로스토리도재밌었고 볼만했음  
20170223,6,"군더더기가 많고지루함, 이동휘,강하늘 배역에 안어울림,솔직히 tv드라마정도,감정의 절정을 불필요한곳에 배치(절정이 있었는지도 잘모르겠음) 기대했는데, 엉성함.  "
20170223,10,"관람객37.366886,126.81206  "
20170223,10,배우들 연기도 좋고 결말이 깔금해서 더 좋았음  
20170223,10,기대이상이였던 영화였어요~  
20170223,10,"관람객실화영화.. 보는데 마음이 안좋았습니다 억울하게 10년이넘는시간을... 지금도 그런사람들이 있을지도 모른단생각에 화가나네요.. 앞으로 이런수사없이 제대로 된수사를해서 억울한사람없으면하네요.,..  "
20170223,10,관람객굳굳 웃다 울다 감동!이였어요 볼만합니다  
20170223,10,관람객눈물이 났고 재밌었습니다  
20170223,9,관람객재심 강하늘 좋아요~연기대박  
20170223,10,관람객먹먹하면서 답답하고 마지막에 준영과현우의 연기가 이영화가 말하는 것을 보여주는것 같다. 그동안 답답했던 눈물이 왈콱 쏟아져서ㅠㅠ 억울한 사람이 없는 세상이 왔으면...  
20170223,9,"충분히 훌륭했고 충분히 재밌었따.. 명연기도 좋았고, 뻔할거라고 안볼까 고민했던 내가 바보였다.  "
20170223,1,한국영화의 특징 : 일단 위에 정부층을 신나게 나쁜놈으로 만든다 주인공은 초중반에 겁나 당한다 후반으로 갈수록 주인공이 역전을 할려고 하는데 무언가가 계속 가로막는다 그러다가 한번 크게 당하고 역전 불가능 할 지경까지 가지만 마지막에 역전하고 해피엔딩  
20170223,1,평점이 너무 높아서 일점 준다 한 7.5정도의 영화  
20170223,8,관람객감정이입도 잘되고 나쁜사회를 또 한번 알아가네요ㅠ-ㅠ..  
20170223,8,관람객실화를 다룬 이야기라서 더 관심이 가지고 보게되엇고 스토리도 재미있었습니다 연기도 너무 잘하시고  마지막스토리가 더 있었으면 좋앗을것 같네요  
20170223,10,관람객재밌어요~ 배우들연기력이정말좋아요  
20170223,10,두배우의 명연기에 박수와 찬사를 보내고 싶어요!!  
20170223,10,정우와 강하늘...그리고 모든 출연진의 명연기.암울한 대한민국의 민낯을 보여주는 영화.영화 내내 마음이 답답했던...  
20170223,8,관람객마지막에 조금 읭?하긴했지만 볼만했습니다 ㅇㅅㅇ  
20170223,10,몰입해서 봤다.정우.강하늘 연기.. 소름돋는다 정말 ...눈물남ㅜㅠ  
20170223,9,김해숙씨보고 우리엄마 보는줄ㅠ.연기 잘하십니다!!  
20170223,7,"관람객답답할 수 있는 내용이지만 적당히 풀어낸 듯, 결말도 팩트를 기반으로 .. ㅎ  "
20170223,10,"정말꼭봐야되는 영화, 감동백배  "
20170223,7,관람객억울함에 눈물 흘렸습니다 강하늘  연기는 짱이었습니다.  
20170223,8,"관람객강하늘의 티프한 연기가  어색했지만,정우가 능청스럽게 잘잡아줌.전체적으로 무난하고 재미있음  "
20170223,6,관람객변호인만큼의 감동도 없었고 송강호 만큼의 연기도 없었다 그냥 흔한 법정 영화를 극장에서 봤다 정도...  
20170223,9,관람객전개가 지루하지 않고 재밌음 ㅇㅇ  
20170223,1,연기력만 보러 가세요. 다른거 기대하시면 아니 됩니다.  
20170223,1,"개인적으로 최악. 감독의 역량 부족인가 강하늘 정우 김혜숙 연기 좋으나.. 오버스러운 상황, 몇몇배우들의 몰입을 깨는 발연기.. 덕분에 좋은 연기조차 겉도는 느낌. 모든 상황에 개연성 부족. 차라리 그것이알고싶다를 보길 추천  "
20170223,10,"실화를 바탕으로 한 영화라 재밌다고만은 할수 없을것같네요..강하늘, 정우 연기 정말 잘했구요..신뢰할수 있는 사회였음..이렇게 억울한일 당하는 사람이 없는 사회였음 하는 생각이 들었습니다.좋은영화 만들어주셔서 감사합니다..  "
20170223,9,관람객볼만한영화 주말에 봄 ㅎ  
20170223,10,말이필요없는 연기력 오랜만에 제대로된영화 본듯  
20170223,8,관람객긴장감이 돌때....끝난다는 점이 많이 아쉽지만 꿀잼  
20170223,9,보는 내내 마음아프고 화가났던영화ㅠㅠ..배우들 연기가 너무 좋아서 100프로 몰입할수있었던것같다. 조금 아쉬웠던 점이라면 뒷부분에 자막처리..그렇게 말고 재판장면들이랑 사이다장면을 넣어줬더라면 훨씬 좋은 영화였을것같다  
20170223,9,변호인 과 비슷하다 진부하다 그리고 뻔하다 재미없다 너무 고무적이다  에 동감한다 근데 이러해도 이걸 묻고 살면서 자신은 떳떳했다고 할수있을까 적어도 우리나라엔 적어도 이런일이있지만 이런걸 막는사람도있다고 말하는 용기있는자가 있어야 하지 않을까?  
20170223,1,"7번가의 기적이나 검사외전과같은 재판과정을 기대하면서 마지막  재판과정때  경찰, 검사가 통쾌하게 지는 장면만을 기대하고봤는데 꼴랑 자막처리로 끝나서 똥싸다 끊긴기분ㅡㅡ어려운내용이 없어서 이해는 잘됫는데 너무 뻔한 스토리라 실망이 컸네요  "
20170223,9,관람객보는 내내 화가 나고 열받았지만 연기가 너무 좋았다  
20170223,8,관람객재판하는것도 보여줬으면 얼마나 좋았을까...ㅠ하지만 재밌었습니다  
20170223,8,관람객그의 명예를 더럽힌 것은 법. 그의 명예를 회복시킨 것도 법. 그리고 가장 중요했을 그의 마음을 치유한 것은 변호사의 뜨거운 눈물이 아니었을런지.  
20170223,10,전 되게 재밌게봤어요~ㅎㅎ  
20170223,10,정말 재밌었다 연기력도 좋고  
20170223,10,대한민국 국민이라면 누구나 봐야할 의미가 있는 영화! 반드시 흥행을 해서 다른 많은 사법피해자들을 위한 사건들이 해결되었으면 좋겠다  
20170223,1,"진짜 1점도아까움 5000원에봐서 망정이지 9000원주고봤으면 자괴감에 눈을 뽑아버릴뻔여따가 3점이상주는 사람들은 알바라고 봐도 무방함 ㅋㅋ알바들한테도 이 영화 보여주면 양심에 찔려서 3점이상 못줄듯 ㅋㅋ 7광구 ,클레멘타인에 비벼볼만한 영화  "
20170223,4,탄탄한 연기력의 젊은 배우들이 대다수 출연한 것에 대한 것은 매우 좋은 방향이라고 생각한다. 다만 스토리는 진부했으며 캐릭터는 매우 단순했다. 일차원적인 사고에 너무나도 진부하다. 너무 흔히 본 영화 캐릭터들이다. 사람은 단순하지도 뻔하지도 않다.  
20170223,10,구성과 연출 연기 모두 뛰어나다  
20170223,8,관람객재미도있고 감동도있는데엔딩이살짝아쉬웠어요~  
20170223,9,"관람객연기를 너무 잘해서 몰입이 진짜 잘됨, 결말만 조금 허무한거 뺴면 명화임  "
20170223,8,관람객심야로 보고  왔어요~ 스릴도 있고 감동도 있고 배우들 연기가 멋져요 실화를 소재로 했다는게 믿어지지 않아요 진짜 헬조선 맞는듯.. 그래도 누명을 벗었다니 다행입니다  
20170223,8,실화를 바탕으로 해서 스토리와 소재는 좋았던거 같다.배우들의 열연이 만든 좋은 영화였던거 같다.내가 기대했던건 정의구현을 위한 재판장면이었는데 그게 없어서 아쉬웠고..사법부와 자신의 이익만 조달하려는 대형로펌에 일침을 날린거 같아서 그거 하나는 좋았다  
20170223,10,관람객정우...항상 같이 울게돼ㅜㅜ연기력 진짜 최고~!넘 잘봤습니다^^  
20170223,9,관람객마지막이 좀 허무햇지만 재미잇엇어요  
20170223,10,말이필요없는영화다.  
20170223,10,관람객아!  재밌었어요. 기대보다 훨씬 더!!:)  
20170223,10,변호사든 어떤 직업을 가지던 이런 사람들이 하나둘씩 더 많아 졌음 좋겠습니다. 넘 슬프고 아프지만 통쾌했습니다!  
20170223,10,강하늘과 정우의 케미가 좋았다  
20170223,7,재료와연기가 좋았다~~~  
20170223,1,진짜노잼ㅡㅡ이게왜인기가ㅡㅡ  
20170223,7,관람객엉성해요..스토리가  
20170223,9,관람객배우들 연기도 잘하고 재밌어요  
20170223,9,관람객대한민국 사법기관의 현실을 보여주고 있네요 연기 정말 최고~  
20170223,8,관람객재밌게봤습니다 속시원한것보단  
20170223,6,실화 기반 내용만으로도 잘 풀어갈 수 있었을텐데 굳이 과하게 양념을 넣었어야 했나 하는 의문이 듦.배우들의 연기는 최고  
20170223,9,"관람객주연배우들의 케미가 좋았고, 감동적입니다.  "
20170223,8,실화라 깔끔하게 잘만들엇다 다큐멘터리가 될 뻔한 영화를 정우씨가 살렸네요 뭔가 먹먹한 현실도 대변하고 나도 돌아보는 느낌적 느낌  
20170223,1,"1. 배우들의 연기는 너무 좋다.2. 소재의 프롤로그만 영화화한것 같다.3. 뭔가 극적으로 보이려고 이것저것 벌려놓았으나 수습된것이 없고 결말이 무책임하다.4. 전개부터 결론, 영화가 끝난 이후에도 계속 답답하다.5. 배우들과 소재가 아깝다.  "
20170223,8,관람객마지막은약간허무합니다.  
20170223,10,관람객후...답답하네요 우리나라의 현실  
20170223,9,관람객정말 재밋네요! 다시한번 보고싶어요  
20170223,9,더킹보다   두세배  잘 만든 영화  
20170223,1," 뻔한 전개. 뻔한 교훈. 감동적 결말이다. 권선징악을 행하는 전개는 누구나 좋아하지만 그걸 풀어내는 방식이 고구마 수십개는 먹인다. 돈만 밝히는 변호사는 결국 자기 잘못을 깨닫고 새사람이 되어야 하며, 어떻게든 일을 어렵게 만든후 해결해야 뿌듯한가?  "
20170223,9,관람객영화가 너무 좋았습니다.. 진심을 울린거같아여! 너무 좋은영화만들어주셔서 감사합니다!!  
20170223,8,"관람객배우들 연기 좋았습니다. 법이 더이상 강자의 기득권 유지 수단이 아닌, 약자를 보호하기 수단인 세상을 소망한다면.. 너무 순진한 생각일까요..?  "
20170223,8,정우와 강하늘의 연기에 박수를..  
20170223,10,썩어빠진 사법부와 정의구현하는 변호사님들 너무 감동 ㅠㅠ  
20170223,9,관람객감동적이고 의미있는영화였습니다  
20170223,10,관람객감명깊게 잘 봣습니다.  
20170223,9,"밤늦게까지 이 영화를 보면서 정말 인생의 교훈을 얻은것같다. 극 중 정우가 맡은 변호사의 2개의 갈림길, 즉 우리가족들을 위한 돈인가, 한 사람을 떳떳하게 하도록 하는 정의감인가. 그 고뇌속에서 올바른 선택을 한 변호사님께 존경을 표합니다.  "
20170223,10,진짜로 강하늘연기에 한번 더 놀랐고 지금 이 사회가 얼마나 더 쓰레기로 가는지 한번 더 뼈까지 느끼게 해줬다.  
20170223,10,관람객기못띠띠띡닌빡빡띠핡  
20170223,10,관람객간만에 좋은영화 연기 굳  
20170223,9,관람객정우연기력이 일단 개 갑입니다  
20170223,10,관람객배우들이 연기를 너무잘해서 진짜 몰입해서봄..  
20170222,7,관람객정우 강하늘 연기 좋았습니다. 곁가지가 많아서 조금 산만했고 폭력적인 장면이 너무 많아요.  
20170222,8,관람객재밌어요 끝에가 조금 아쉽네요^^  
20170222,9,관람객삭막한세상에 아직 정의가 살아있다는 생각에 마음 따뜻한 영화였어요^^  
20170222,10,관람객보는내내 슬펐어요 마음이 아프네요  
20170222,9,"관람객정우,강하늘 연기 좋아요 배우들 연기력 굿!  "
20170222,10,관람객오늘 영화를 볼까 말까 망설이다 봤는데 안 봤으면 후회 했을거 같아요 감동에 감동을 했습니다. 정말 진심은 우리들 가슴에 남아 있구나 생각했고 오늘 하루에 감사하며 또한 오늘 이 영화에 감사 합니다.  
20170222,10,관람객굿대박쩌러앙와진짜 이후라  
20170222,9,명연기!!!!최고였어요~~  
20170222,5,"좋은 소재, 부실한 연출, 클라이막스가..이상한 곳에서 터짐  "
20170222,10,이동휘 맹한 눈빛빼곤 볼만했음  
20170222,9,관람객정의감이 불타는 영화 감동적이었다  
20170222,8,관람객조금 지루하기도 하고 ..억지 눈물을 짜내는 모습이 조금은 ..  
20170222,8,관람객재미있고 마지막에는 좀 아쉬움  
20170222,9,관람객배우들 연기력도 대단했고 실화를 바탕으로 해서 그런지 제가 다 억울하고 분통했습니다. 이런 사건들이 다시는 일어나지 않길 바래요  
20170222,8,관람객오랬만에 실화영화를 봤다.  
20170222,6,관람객너무 기대했나봐요^^;;  
20170222,8,관람객감동도 있고 연기자분들도 연기잘하는데아쉬운 느낌은 없어지질 않네요ㅠ그 재심 과정을 좀 더 연출했으면 어땠을까하는 생각입니다.  
20170222,9,관람객보면서 제가 다 억울하고 화가났어요...재심 꼭 보세요.  한사람의 억울함을 같이 들어줍시다!  
20170222,5,관람객형사와 강하늘만 기억에 남음그것이 알고싶다가 더 나았음  
20170222,10,관람객완전재밌당우오우어아이어  
20170222,7,관람객그럭저럭 볼 만 했습니다. 실화여서 더 감동적인 것 같습니다. 눈물 쾅쾅은 아니고 그냥 눈가 촉촉 정도? 인상깊었습니다. 그런데 뭐 그닥 정말 재밌다 보다는 잔잔하니 인상깊게 보는 그런 영화인 것 같습니다. 아 물론 연기력은 정말 훌륭합니다.  
20170222,8,관람객너무 재밋어용~!!! 현대 사회를 다시 생각해볼수있는 시간이였어용  
20170222,10,관람객감동재미...굿 좋아요...  
20170222,9,관람객연기 너무 잘했음. 감정이입 대박이었음. 그래서 화났음. 사이다장면이 많았으면 좋았을텐데 그부분이 아쉬움.  
20170222,10,관람객감동깊습니다잘봤어요  
20170222,10,관람객완전 재밌어요 배우들 연기도 매우 좋았구 스토리도 지루하지 않게 잘 뽑아내신거 같아요^^!  
20170222,10,관람객꿀잽쑤우루울잼앰ㅎㅎ  
20170222,8,강하늘 연기 갈수록 멋지다^^통쾌한결말~변호사도 사람이구나 느낄수있는영화~  
20170222,8,관람객믿고보는 배우님들덕에 빠져들어 봤습니다! 너무나 재미있었습니다!  
20170222,10,관람객좋은 연기  좋은 시나리오 좋은 실화  
20170222,9,관람객재밌쪙 무전유죄의 영화내용과 답 없는 형사  
20170222,9,영화다 이느낌 이상으로 꽤 많은 생각이 든 영화였어요  
20170222,9,관람객공감돼요  좋은 변호사님 있어서 행복  
20170222,8,소년 아니 이젠 한 가장이 되신 현우님 행복한 일들만 가득하시길 재심을 맡아주신 박준영 변호사님 감사합니다.  
20170222,8,관람객실화를 다룬영화라서 더집중있게 잘봤습니다.감동적이고재밌어요!!  
20170222,8,관람객정우연기가좋았다 경찰아저씨나쁘다  
20170222,9,관람객주연급 배우들 연기 잘하시네요~강하늘씨 때문에 중간에 2번정도 눈물이 나기도...  영화 잘봤슴다~^^  
20170222,10,관람객너무너무 재밌었습니다. 배우들 연기력 짱  
20170222,10,관람객평범하지만 평범하지않은 영화~  
20170222,2,관람객그냥그랬음 결국 마지막은 다행이도 좋게끝났지만...  
20170222,10,관람객영화 감상평패완얼강하늘은 아무거나 걸쳐도 멋있다 ㅋㅋㅋ  
20170222,10,관람객미안하고 고마운 영화.  
20170222,9,관람객감동적이에요. 감독님 항상 약자들의 이야기를 영화화해주셔서 감사합니다  
20170222,10,관람객정말 멋진 영화예요!! 정말 재미있게 잘 봤어요~  
20170222,10,관람객너무재밌어요 꼭보세요  
20170222,9,관람객연기도 좋고 내용도 재미있었어요. 아쉬운건 갑작스러운 결말  
20170222,8,관람객괜찮아요 ...소소하니 배우들의 연기가 굿굿  
20170222,10,관람객재밌어용 꼭 모세요 별 5개!  
20170222,10,진짜 실화라는게 너무나도 슬펐고 미안했던 영화 돈을 우선으로 하는게 아니라 한사람의 인생을 맡아주셨던 변호사이야기. 한번쯤은 멜로영화.애니메이션은 미뤄두고 재심을 보는건 어떨까. 믿고보는 배우들이 나와서 좋았고 중간중간 울컥하는 부분이 감명깊었다  
20170222,9,관람객눈물이흐르고... ㅠㅠ 아직정의는 살아있다 느낀영화~가슴이먹먹해요  
20170222,6,보는내내 피고인만생각남  
20170222,10,"지금도 어디선가 이런 일이 일어나고 있을 것 같은 느낌이... ㅠㅠ 암울하기도 하고, 서민으로서 서럽기도 하고...  지금의 대한민국도 다르지 않을 것 같아 씁쓸했습니다. 역시 믿고 보는 정우와 강하늘이에요. 영화 감명깊게 잘 봤습니다.  "
20170222,9,평점을  떠나서  그냥 많은 사람들이 봣음좋겠다 .지금도 어디선가에서  일어날뻔할  일들 ..  
20170222,9,관람객재밌어요 마지막에 법정에서의 내용이 짧아서 아쉽지만 잘봤어요  
20170222,10,이런 정의가 계속해서 실현되길  
20170222,10,관람객즐감했어요 재밌습니다  
20170222,10,관람객정말 재밌었다! 말이 필요 없는 영화!!  
20170222,7,관람객재밋게잘봣어요 뭉클햇던영화네요  
20170222,10,정우가 이렇게 연기 잘하는지몰랐다.. 보는내내 소름...  
20170222,10,관람객안다.알법한전개다. 그럼에도 울컥하게만드는 배우님들과 심쿵하게하는 대사!그리고 깔끔한 군더더기없는 결말.송강호의 변호인급이었다.내게는.다시봐도 되는 영화. 다시 보고싶어질 영화다  
20170222,10,"이런 일이 있었는줄 몰랐는데,,, 많은 것을 느끼게 해 주네요... 영화가 꼭 잘 되었으면 합니다...  "
20170222,7,관람객정우 배우.   진실 대로 대박입니다화이팅  
20170222,9,1.연기자들이 너무 연기를잘함.2.내용굳 3.재심하는과정만나와서 아쉬움.그 다음내용 20분만나와도 대명작  
20170222,10,관람객굿입니당당다라라아아니  
20170222,8,관람객실화라 그런지 더 와닿았던 영화! 다만 마무리가 좀 아쉽네요  
20170222,10,이 영화는 진짜다.지금의 대한민국을 잘 보여준 것같다.썩을 놈의 깡패들과 돈깡패들.너흰 언젠가 끝나^^서로를 물고뜯고하는 날이 올거야.  
20170222,10,관람객재밌었어요 어떤분이 고구마 계속 먹다가 사이다 한방울 마신기분이라는데 뭔지 알것같아요 ㅎㅎ  
20170222,10,관람객완전 재미있었어요!!정우랑 강하늘 연기다 대박이였다는...감정연기도 짱이고 문화의날로 저렴하게 봤는데 제 값주고 봣어도 아깝지않은 영화였습니다!  
20170222,8,관람객실화여서 주위깊게 봤구요.지금 현재 어딘가에서도 저런 일이 일어나고있을것같아 씁쓸했어요. 재판부분을 기대하고갔는데 재판부분이없어서 아쉬웠습니다.  
20170222,9,관람객실화를 바탕으로 한거니 더욱 와닿았군요~엔딩만 조금 아쉬웠습니다  
20170222,9,"관람객재미있었고, 연기력이 다들 좋았어요!!  "
20170222,9,"긴가민가하며 사실 본건데..정우,강하늘 연기에 감탄하게되고, 끝까지 집중하면서봤다. 현실에 쌓인 부조리와 일상에 지친 심신에 따뜻함과 함께 카타르시스를 던져주었다. 만족스러움.  "
20170222,10,관람객정의는 살아있다 정말 재밌다  
20170222,9,관람객결말은 좀 아쉬웠지만 그래도 좋았다  
20170222,8,관람객정우씨 연기 좋았습니다지루하지 않게 잘 만들어진 것 같습니다  
20170222,10,관람객배우들의 수준급 연기와 스토리가 마음에 들었고 인상 깊게 봤습니다  
20170222,10,관람객재심 재미있었습니다 오백원주세요  
20170222,10,관람객정말 보는 내내 검찰 경찰에게 화가나고..억울하고 .. 그래도 사실이 밝혀져서 다행이라 생각하지만 10년의 세월을 .. 너무 안타까웟습니다 정우 강하늘 배우 연기 잘하는건 알았지만 강하늘 배우 정말 잘하더라구요  
20170222,4,관람객현실 사건을 재심하여 법 앞에 모두가  평등한 사회가 되어 억울한 사람이 없으면 좋은 사회가 되겠죠  영화 재밋어요  
20170222,8,관람객명연기에 감정이입 제대로 하며 봤습니다.  
20170222,6,"연기도, 스토리도 좋았다. 다만 영화는 한창 멋만 부리다 끝났다  "
20170222,8,좀 지루한 스토리가 있긴했지만 재미있었어요~^^  
20170222,10,관람객정우님이랑 강하늘님 연기 진짜 짱...  
20170222,9,관람객배우들 연기는 물론! 실화를 바탕으로 한 이야기라그런지 더 집중이되었네요! 판결 장면까지있었으면 더 재미있었을것같은 아쉬움이 조금 남네요ㅠ  
20170222,7,관람객전체적으로 재밌으나 마무리가 너무 급전개임  
20170222,7,"하늘, 동휘씨 연기에 조금은 아쉬운..  "
20170222,8,배우들의 명연기 잘봤어요!!  
20170222,10,관람객나쁜놈들 다 잡아 쳐넣어야해닭ㄱㅎ 도 집어넣자!!!  
20170222,10,관람객지루한지 모르고 밧네요 감동 재미 다 살아잇네요  
20170222,10,정말 쓰렠이같은 경찰이네  
20170222,9,정우 연기는 꼭 봐야지 암...무명때부터 팬임다..  
20170222,8,그것이알고싶다로본사건이라그런지 몰입도가좋았다 남자친구는잘모르는사건이라그런지 잘모르겠다고얘기했다  
20170222,10,관람객굳굳 완전 좋습니다!!  
20170222,8,관람객말로 표현할수 없네요..  
20170222,5,관람객그다지 재밌는건아닌거같아요  
20170222,8,관람객진부한 내용이지만 마음에 와 닿네요  
20170222,10,관람객정말 재밌었고 오랜만에 감동적인 영화봐서 너무 좋았습니다  
20170222,10,"80년대도 아니고 2000년에 강압수사로 누명을 씌웠다니.. 대한민국 사법부는 언제야 정의로워질까요... ""변호인"" 처럼 많이 봐야할 영화입니다.  "
20170222,8,"정우 연기 잘함 특히 이동휘 멘토링 시간에 둘이 대사 주고받을때 완전 몰입돼 눈물 질질 ㅠ 예상 외로 강하늘의 비중이 약함 최근에도 저딴 식으로 강압수사에 의한 거짓자백 받아내는 수사라니 대한민국 개판, 노답. 교육이 답이다 무상교육 추진하라  "
20170222,1,관람객보다만 느낌이네요 .. 아쉬워요  
20170222,8,관람객경제적약자가  힘없이 당하는  구조적 모순이 잘 드러내어주는 영화  
20170222,7,관람객실화를 바탕으로 한 영화는 현실을 한 번 더 되새기게 한다.  
20170222,10,"관람객강하늘 연기, 정우 연기, 너무 화남, 옆에서 우는 엄마  "
20170222,9,관람객끝이 조금 아쉬웠지만 재미있게 가족들과 봤다ㅎ  
20170222,7,관람객재밌어요진짜진짜^^  
20170222,10,시간가는줄모르고 본 영화. 분노와 감동  
20170222,10,의미있는영화라고 생각합니다.  
20170222,9,관람객재미있었어요.배우들 연기도 좋네요.  
20170222,8,관람객이정우변호사(정우)의 심리 변화가 너무 급작스러웠던거같습니다 조금더 계기에 대한 묘사가 있었으면 좋았었을텐데요ㅎㅎ 실화를 바탕으로 하고있다는게 믿기지 않을만큼 부담스러운 장면도 있었습니다만 주제가된 사건을 생각하면 마이너스는 아니라고 생각합니다  
20170222,8,수준 높아졌네...싱글라이더를 예약에서 이기다니  
20170222,8,관람객너무 심플한 내용에 . 단조로운 연출 ..  잘못하면 망작이였을 .영화 그놈이다가 생각났지만 .  배우들의. 명연기로 중박은 친 영화 .   하지만. 실화 여서 더욱 묵직함을. 보여주었던 영화. ... 그래서 제점수는요 ㅎ. 8 점 ㅎ  
20170222,10,관람객끝이 너무 허무하게 끝나네요  
20170222,9,관람객강추합니다..내용과 연기 모두 만족했습니다..희망이 없는 우리 현실에 그래도 작은 희망을 갖게해주는..  
20170222,10,관람객가슴찡했어요ㅜ사연알고 결과도 다 알고 본거지만 그래도넘 슬프고 잼있었어요 꼭 봐야할 영화ㅜ계속 1위하길♥  
20170222,2,너무 많이 담아내려 했다 스토리 개연성 부족하고 변호사짝퉁판 같다 돈주고 보기에는 아깝다  
20170222,7,별 기대 안하고 봤는데 예상외로 ㄱㅊ았어요 ㅋㅋ 근데 2015년에도 형사들이 범죄자 패고 이런거는 좀 현실이랑 동떨어진듯 정우가 돈만 밝히다가 강하늘편에 완전히 서는것도 사실; ㅋ 그래도 정우 연기는 짱짱  
20170222,8,관람객정의사회구현스러운영화였습니다~ 실화여서 더 좋았습니다.  
20170222,7,배우들의 연기는 다 좋았는데 스토리는 흔한 거 같음...그리고 결말이 조금 아쉬웠다.  
20170222,10,관람객재밌었어요 !!! 실화 바탕이라니 좀 씁쓸하기도 하구요 ...ㅜㅜㅜㅜ 근데 영화관 옆에 아줌마 리액션이 너무커서 진심 개거슬렸음 ㅎ  
20170222,10,정의는 살아있다..멋진 변호사들 많았습니다.  
20170222,10,관람객재밌어요~~ 스토리 고ㅑㄴ찮네요  
20170222,9,정말 이나라에 대한 부정 부패 비리들을 잘보여주는 영화 연기도 잘해요 굿굿  
20170222,10,관람객재밌당재밌당재밌당재밌당  
20170222,10,"관람객정말 엄지 척 영화!!  감동의 쓰나미가 밀려온다.지인이 추천해주고 나도 왠지 모르게 봐야겠다는 생각이 이끌리어 보게 된 영화,,, 선택은 옳았다.  "
20170222,8,관람객한국적이지만 감동적인 영화  
20170222,10,진실로 하나가 된 그들 몇몇 사람들은 끝이 허무하다 하지만너무도 깔끔한 엔딩이였다배우들의 연기도 훌륭했다  
20170222,10,"시작은 미약했으나 끝은 창대하리라아직도 썩어들어가는 곳도 있지만 작은 곳에서 치유의 힘이 세상을 밝히는것 같다우리의 관심이 세상을 바꿀수 있는듯...영화 ""재심""을 본후  "
20170222,8,관람객소신을 갖고 끝가지 애쓰시는 변호사님께 박수를 보냅니다.  
20170222,9,"수사기관의 잘못된 혹은 나쁜 결정이 개인을 얼마나 망치고 절망하게 하는지 보여준다. 정우, 강하늘, 김해숙 등 배우들의 연기도 인상적이었음.  "
20170222,8,관람객최근 영화들에 비해 스케일은 작았지만 배우들의 연기가 돋보인 영화 였다  
20170222,8,관람객정우가 좋고 아주 괜찮은 연기였습니다  
20170222,10,오랜만에정말생각하게만드는영화.. 과하고정신없는액션말고 너무 좋았어요.. 배우들연기력에너무감탄했아요 저런사건이한두가지가아닐텐데 보는내내너무화가났어요 제발깨끗한대한민국..  
20170222,10,관람객연기자들 연기가 너무 좋고 스토리도 좋았습니다  
20170222,9,결말부분이 살~짝 아쉬웠지만 연기들은 진짜로 신의 연기들이었다 모든배우분들이  
20170222,7,관람객연기도 잘하구 감정몰입해서 엄청 흥미진진하게보았네요  
20170222,7,배우들 연기는 10점주고 싶은데 영화가 아무래도 실화기반이다 보니 좀 내용이 떨어지는듯. 떡밥은 많이 뿌려놓기만 하고 다시 회수하지도 않고.. 사이다가 없고 고구마만 잔뜩 먹은 느낌임.  
20170222,1,배우들의 연기는 뛰어나지만 영화 내용은 영화 보는 동안 고구마를 먹다가 사이다를 주는데 다시뺐는 느낌이였습니다 긴장감이 시작할때 오토바이가 크게 달려서 놀란 겄말고 긴장감이 없었습니다  
20170222,10,관람객강하늘과 정우 연기력 굿  
20170222,8,관람객결말이 살짝 아쉽지만 재밌네요  
20170222,10,관람객생각보다 볼만하네요역시나 한통속 대한민국울분이터집니다  
20170222,10,관람객오랜만에 영화 보면서 눈물이 흘렀네요  
20170222,9,관람객요즘같은시기에 꼭봐야하는영호ㅏ엄청화납니다 후 감정이입100  
20170222,9,관람객우리가 미안합니다 정말로  
20170222,9,관람객정말 멋지고 감동적인 영화였습니다!!!  
20170222,10,연기오지네 김해숙님짱  
20170222,9,관람객순수한 물질 주의에 모호함!잘못된 개츠비의 사랑의 방식!개츠비처럼 살면서도 개츠비처럼 살기 싫은...위대한 스콧 피츠제럴드!  
20170222,9,관람객정우 연기가 일품 짱 대박나세여  
20170222,1,관람객오바하고 노잼마무리와  전개도  이상하고명대사를 뽑기위해  억지스럽고  
20170222,10,관람객재밌게봤어요!!!추천해요!!!  
20170222,8,관람객실화를 바탕으로 하여서 영화자체에 흥미가 갔으나 실화를 과장해서 그런지 좀 개연성이 부족한 느낌  
20170222,9,재밌당ㅎㅎ다들보세요  
20170222,8,전재산 받아보셨습니까? 제가 이겼습니다  
20170222,10,이제 재판 좀 하려나보다...끝 ㅋㅋㅋㅋ 영화 스토리는 굿(영화 다 찍고 무죄판결 났다는데(작년) 그래도 재판부분 찍어서 개봉하지.. 하는 아쉬움)  
20170222,9,관람객뻔한 내용이지만 그래도 재밌다. 연기도 진짜 좋았고 기대가 컸는데 그 기대만큼 재밌었다.  
20170222,10,관람객지루함없이 아주 집중하게만드는영화!추천합니다!!!  
20170222,10,관람객굿 good 재밌네요.  
20170222,10,관람객재밋어요 내용이 좀 길긴해요  
20170222,8,관람객배우들의 연기가 좋았고 실화 라서 시나리오도 짜임새가 좋았습니다  
20170222,10,관람객좋다좋아아주좋아OO  
20170222,9,관람객사회정의가 무엇인지 보여주는 작품  
20170222,8,관람객재밌네요 주위사람들에게 추천할만합니다  
20170222,1,너무나 평이하고 지루한 연출. 어느 방향으로 흘러갈지가 너무 뻔해 긴장감 유발 하나도 안되는 억지 갈등. 그알만 못하네.  
20170222,10,배우들 연기 덕분에 쭉 몰입해서 봄 진짜 한번은 꼭 봐야하는 영화~!  
20170222,10,배우들 연기 너무 잘하네요~~ 정말 재밌게 봤습니다~^^  
20170222,10,정우의 연기에 한번 감탄하고 울컥하고 앞으로 이런 영화 나오면 꼭 봐야지명언 : 대표님 전재산 받아본적 있습니까? 저는 받아본적 있습니다.  
20170222,10,스토리는 실제 사례라서 믿고 볼 수 있었지만 아쉬운 점은 중간중간과 끝에 내용이 더 첨가됐음 더 좋았을 텐데싶은 점 연기력도 최고...!  
20170222,8,관람객여자친구가 재미없다더라고요 전 안졸고 재밌게봤습니다~  
20170222,10,관람객재미있고 감동적입니다.  
20170222,5,결정적으로 마지막에 재심하는장면이 하이라이트라 생각했지만 나오지않아서 긴장과동시에 맥빠지는영화 연기력은 나쁘지않았음.  
20170222,10,진짜 최고의 명연기.. 진짜 보면서 울뻔했다..  
20170222,8,실화를 다룬 만큼 기대하고 보았습니다. 우선 배우들의 연기가 너무 좋았습니다. 주인공의 변화해가는 모습도 좋았고 그상황에 처해 있는 주인공의 모습도 참 좋았던 영화였습니다.  
20170222,3,치열한 법정드라마를 기대했는데 많이 아쉽네요  
20170222,10,관람객정말 재미있게 보았습니다  
20170222,7,관람객끝이허무하지만 연기력은 탄탄  
20170222,8,관람객제가 사는 지역이랑 가까운곳 이야기를 모티브로 한거라서 꼭 봐보고 싶었는데 보고 나니 그전에 그알에서 이사건을 주제로 방송을 해서 봣을때 느낀 분노와 같은분노를 느꼇어요 억울하게 감옥에가서 무엇과도 바꿀수없는 청춘의 세월을 보낸 분께 평생 죄송해하세요  
20170222,9,배우들 연기 너무 잘함 실화에 바탕을 뒀다해서 더 흥미진진하게 봤어요.. 근데 억울해서 어째요 잃어버린 10년ㅜㅜ 예전에 경찰관 자살했다고 했을때 안됐다 생각했었는데 더 안된 사람이 누명쓴 사람이었네요  
20170222,9,진짜 재밌게 잘 봤습니다!  
20170222,7,광명롯시] 유명한 실화기반 영화라 줄거리 전개는 다 알고 있었다. 거기에 상투적인 사법영화의 긴장요소에 신파 섞어서 만든 영화다. 근데 재밌게 잘 봤다. 특별한건 없지만 때 맞춰 먹음 맛있는 분식집 덮밥같은 느낌이었다. 배우들 연기도 훌륭했다.  
20170222,1,별로였다. 감정이입도 잘 되지 않았고.. 다들 재밌게 봤다고 하는데 난 보면서 저녁메뉴를 생각했다. 호불호가 갈리는 것 같다.  
20170222,9,다들 연기를 너무 잘함..  
20170222,6,응...?ㅎㅋ 당황스럽네  
20170222,10,이런게 실화라니 그저 가슴이 먹먹하고 대한민국이 살아있다라는 걸 느꼈고 또 한편으론 더럽다는 걸 느꼈습니다 한번은 꼭 봤으면 좋겠네요  
20170222,7,관람객마지막장면이 아쉬움~ 변호하는 장면을 기대하고 봤지만글로 무죄로 선고가 되었다는글이 아쉬웠다  
20170222,10,관람객증맬 재밌습니당 남자친구는 조작된도시보자하고저는 재심보자하고결론은 재심으로갔는데남자친구가 재심보길잘했다고 하네요^^  
20170222,4,실제사건을 제대로 알지못하고 영화로만 보는 사람에겐 재밌을진 모르겠지만 저는 지루하고 재미도 없었네요. 극 중간부턴 언제끝나나 이생각  
20170222,10,관람객최고.2시간이 최고였어요  
20170222,10,관람객재미있어요 정우 연기력 최고  
20170222,9,진심이 느껴지는 영화였어요  
20170222,6,초반  정우가 했던 말과 행동 동휘가  그렇게한 이유  후반에가서 아무 개연성이 없음  중간에 이경영이 말하려다 만건 또 뭐고 전달하려는건 알겠는데 영화자체로는 별로임 변호인이랑 비슷하지만 단순하고  볼게없는 영화  
20170222,6,영화가 무슨  기승전까지 밖에 없냐  
20170222,10,분하고 슬퍼서 눈물났던 영화.. 배우들의 연기력 대단하고 실제사건 담당 변호사님 존경합니다  
20170222,10,전라도 경찰이 잘못했네  
20170222,10,관람객다들연기를너무잘하세요최고  
20170222,10,관람객1년동안  본영화중  완전 최고!!짱짱짱  
20170222,10,변호인 이후 두번째로 감성 자극하는 영화였음 이런 시국에 진심 정우와 강하늘 김해숙 정말 너무 대단했다  
20170222,10,재밌게 본영화! 법에 의미에 대해서 다시 생각하게 되었습니다!!  
20170222,10,관람객그냥 보세요 재미로 보는거 보단 한 사람의 한을 풀어준다고 생각하고 보세요  
20170222,8,관람객무난한 스토리텔링두 주연배우의 캐미가 좋았음  
20170222,8,스토리가 매끄럽지 않고 배우들의 연기도 자연스럽지 않고 그냥 적당한 감동과 적당한 현실의식이 가미된 영화  
20170222,10,관람객몰입도가 정말짱이었어요  
20170222,6,관람객스토리는 괜찮으나 마무리가 아쉬웠어요  
20170222,10,그나마 잘 해결되서 다행이네여  
20170222,7,"배우들의 명연기와 탄탄한 스토리가 바쳐주지만 흘러가은 스토리는 ""변호인""과 너무 비슷해 비교가 된다.  "
20170222,10,관람객꼭보시길.. 명연기 대박..  
20170222,9,배우들 연기력도 뛰어나고 영화 자체도 정말 잘 만들긴 했지만 고구마 100개 먹여놓고 사이다 뚜껑만 땄는데 영화가 끝난 느낌..  
20170222,9,관람객최고에영 슬퍼요 ㅠㅠㅠㅠ  
20170222,10,관람객감동 실화에 비추어 제작된것으로만으로 최고 입니다  
20170222,6,진부하다 뻔하다 .. 조작된 도시를 볼걸 그랬다  
20170222,2,딱 2점 정도 수준이고 그정도 영화였음.. 다 보고 나오는데..남는건 OO OO 전라도 사투리 욕 뿐이 기억 않남..OO~ㅋㅋ  
20170222,9,관람객열자열자열자열자열자  
20170222,5,그냥 법정영화 하면 생각나는 그 스토리에 내용입니다. 돈아깝진 않고 어디서 본듯한 그런영화에요. 연기력 좋고 내용은 뻔하고 지루함과 재밌음 반반입니다.  
20170222,10,관람객재밋게잘봣습니다 추천  
20170222,9,"보기전엔 지루할줄알았는데, 대박영화임. 울컥울컥 마음아파 눈물도 주르륵..실화라니 넘나 맘 아프지만 그래서 더욱 봐야할 영화! 두 배우의 연기는 말할것도 없고 영화도 딱 나올 장면만 나오고 깔끔하다. 강추영화!  "
20170222,7,"마지막이 너무 아쉬운, 한편으론 적절한  "
20170222,10,관람객굿굿 연기도 굿!!!!  
20170222,10,ㅠㅠ진짜슬프고연기짱짱입니다!ㅠㅠ  
20170222,5,잘 익은 삼겹살인줄 알았는데 반대편이 익지 않았다.  
20170222,10,관람객명연기 명대사ㅎ 시간가는줄 몰랐습니다ㅎ  
20170222,8,관람객배우들 연기 정말 좋네요 특히 엔딩이 굳  
20170222,9,역시 쓰레기 정우 오빠 짱  
20170222,10,전라도 경찰을 잘 표현했다  
20170222,10,관람객배우들이 정말 연기도 잘하시고 재미잇게 봣습니다 ㅎㅎ  
20170222,10,관람객재미있는 영화 잘 보았습니다  
20170222,5,이 영화를 보고 울었다 감명깊었다하는 글들이 많은걸 보고 알바가 존재하는걸 알았다. 그냥 어디서들어본 이야기에 뻔한결말 영화는 지루하고 스토리는 뻔하며 연기는 평범하다. 보고나오는 사람중 우는인간은 없었고 지루하다 그냥그저그렇다가 대부분  
20170222,8,관람객긴장감백배 마지막에는 좀아쉬웟어요  
20170222,5,주인공이 보상 제대로 받지도 못한 영화가 평점이 이렇게 높은게 부끄럽다  
20170222,10,관람객요즘 시대의 정의라~~멋져 부러요  
20170222,10,"진짜 개재밌게봄 연기 다 잘하고 !! 울뻔한거 세번은 참은듯,, 짱 추천 볼까말까 하시면 보세요  "
20170222,3,돈아까움 보지마셈..  
20170222,10,관람객재밋게 잘 봤습니다 대박나세요  
20170222,8,관람객예상 가능한 이야기 전개였지만 어느 한쪽이 튀거나 모자르지 않은 배우들의 자연스러운 연기 덕분에 집중해서 잘 봤습니다.  
20170222,10,관람객진짜 너무 재밌어요! 강하늘 짱멋  
20170222,10,"방금 보고 나오면서도 엄청 울었어요. 세상에 억울한 분들은 왜 이리 많은지.. 그 분들을 돕는 좋은 분들도 많겠지만 왜 잘 보이지 않는지, 그리고 나는 왜 그럴 능력이 없는지 부끄럽기도 하구요. 꼭 보세요. 사람 사는 세상을 만들고 싶으신 분들은.  "
20170222,8,관람객배우의 연기가 좋은 감동적인영화  
20170222,6,"재미는 있으나 권선징악을 위한 다소 과장된 복수, 사이다 같은 법정씬을 기대했으나 그냥 급하게 마무리 되서 아쉬운 영화..  "
20170222,8,관람객재밌엌쓰비앋ㅇ!!!!  
20170222,8,관람객강하늘. 정우 둘의 연기궁합 b ~~  
20170222,10,이런 영화가 많이 만들어져야한다  
20170222,10,관람객굳  개잼ㅎㅎ죽입니다 꼭보세여  
20170222,8,소재 자체가 한몫하며 연출과 구성은 무난한 괜찮은 영화  
20170222,10,관람객재밌어요 ! 정우 넘나 멋있음  
20170222,6,관람객초반부에서 중반부까지 볼만한데 결말이 살짝 아쉽네예  
20170222,1,"실화의 무게와 감동, 이런 장르의 영화로서 정말 중요한 메세지의 전달마저도 뻔한 스토리전개와 진부한 반전으로 다 깎아먹은것 같네요. 소재와 연기만 좋았을뿐 나머지 연출.전개.각본은 뻔하디 뻔한 한국영화의 답습으로밖에 생각되지 않습니다.  "
20170222,10,10점은 온전히 강하늘과 정우때문에 주는거다. 이동휘랑 검사는 나쁜새끼인데 벌을 받았다는거야 뭐야. 결말이 너무 하잖아. 허무개그도 아니고 진짜 고구마만 있고 사이다는 못먹었다. 그리고 강하늘 잘생김  
20170222,7,사이다가 필요한 영화... 뭐가 빠졌었지? 하고 생각해보니 사이다였음  
20170222,8,관람객재미있었습니다  잘봤습니다  
20170222,10,정말 몰입도와 연기력 스토리 모두 좋았어요  
20170222,9,관람객감동을 준 영화 실화바탕이라  
20170222,6,관람객그냥그냥보기좋은영화예요 ㅋㅋㅋ  
20170222,10,"재밌고,볼만하고,실화를 이렇게 알게되어서 앞으로 대한민국에 이딴경찰 없어지길 바랄뿐이다.제발쫌....  "
20170222,10,관람객재밌었음.. 정말로 하하하하  
20170222,9,관람객정말 좋은 영화인거같습니다.  
20170222,9,잔잔한 감동과 여운을 주는 영화였습니다.  
20170222,8,돈주고 봐도 안아까운 영화  
20170222,7,몰입이 잘되는 영화이지만 아무리 오픈 결말이라고 해고 해도 급히 마무리 지은 감이 있어서 조금 아쉽습니다.  
20170222,3,15세라 치기엔 너무 폭력적인 장면이 많이 나오고 엄청 진부함 변호인과 다를바 없는 똑같은 스토리. 실화를 배경으로 했다지만 너무 뻔한 한국영화였다  
20170222,7,소재와 연기는 좋았지만 이야기가 갈피를 못잡고 흔들리는게 보였다. 그래서 중반 이후부터 집중이 안됨. 따뜻하면서도 사이다같은 영화일줄 알았는데 생각과는 좀 달랐음... 폭력적인 장면도 불필요하게 많은 느낌..  
20170222,10,팟캐스트를 통해 스토리를 대략 알고 기대없이 보러갔는데 정말 볼만한 영화입니다. 혼자 보면서 눈물도 흘렸다는....  
20170222,5,억지 감동.  연기는 좋음.  근데 왜 한국영화는 다 연기로만 봐야 되냐  
20170222,7,따뜻함이 전체를 지배하는것처럼 나에겐 그저 따뜻했던 작품. 그 사이에 대중 영화로써의 모든 지점은 지나치는 꽤 기특한 법정영화.  
20170222,10,관람객·ㄴㄴㄴㄹ니ㄱㅈㄱㄴ  
20170222,6,검사랑  아내가 몰입을 방해했음 그 경찰은 .. 너무 지나치지 않았나 싶음 정우ㅊㅊ 변호인의 송강호정도는 아니엿지만  
20170222,9,관람객생각해볼 수 있는 영화였습니다~~정우의 사투리도 좋았고~~^^  
20170222,8,관람객그냥 두 배우의 연기는 말이필요없고내용은 다시생각할수록 화나는 내용  
20170222,8,관람객재밌어욤 근데 화끈한 법정씬이 없어서 좀 실망했네요  
20170222,10,정우 연기 진심 소름돋네요. 재밌게 잘 봤습니다.  
20170222,10,관람객감동적입니다 재밋고 ㅎㅎㅎ잘본거같아요  
20170222,10,관람객명연기다진짜...진짜 레알 지렸음  
20170222,10,정우의 재발견.. 좋아요~  
20170222,10,생각보다 긴장타고봄 보는내내 실화라는 사실이 안믿김ㄷㅋ  
20170222,10,배우들의 연기만으로도 꽉찼던 영화. 이게 대한민국 현실이라는 것에 그저 답답하고 속에서 천불났음  
20170222,10,연기 쩔어~~~ 지인이 보자해서 봤는데 정우 강하늘 김해숙 그리고 악역 그분까지 연기들이 장난아니십니다~~~!!! 강추!!!  
20170222,9,군더더기 없이 좋은 영화  
20170222,8,관람객두분에 연기력에 소름이  
20170222,1,그 좋은 대본으로 이딴 배우들을 캐스팅... 하늘은 제외. 정우라니 ㅋㅋㅋㅋ 진짜 내돈 ㅅㅂ  
20170222,10,진짜 그쓰레기 경찰들과 검사 지대로 벌받아야죠!  
20170222,8,연기는 진짜 끝내주더라 정우 인가 뭐시긴가 정말 크게되겠다. 근데 영화가 재판 시작하기 전에 끝나는게 흠... 난 재판과정이 궁금했는데. 그 전까지만 보여주더라. 재판을 통해 사건을 재구성 했더라면 더 꿀잼이었을걸.  
20170222,10,관람객잊지말아야됩니다 정의의 심판을  
20170222,10,관람객재미잇어요토토오오오오  
20170222,7,관람객감동적이었고 이런일이다신일어나지않았으면글고뻔뻔한형사 핵시름  
20170222,2,관람객보이스 드라마가 더 나은듯... 돈주고 갠히봄... 뻔해  
20170222,10,관람객구수굿꿀잼 너무재미있음  
20170222,4,관람객배우들의 연기는 볼만했으나  원작을 모티브로했다기에는너무 산으로 간  느낌인듯...  
20170222,10,관람객모든배우들 연기가 최고입니다  
20170222,1,어유 배우들이 아까움 ..  
20170222,7,연기좋고 메시지도좋다 하지만 중간이 지루한부분이 있었다. 평점은 7.9점주고싶다.  
20170222,7,아 초반에 알바들한테 속아서 봤는데... 연기는 정말 명연기 입니다. 다만 결말에서 변호인 처럼 시원하게 질러 주길 바랫는데 뜬금없이 끝나서 화장실을 가서 중간에 끈고 나온 느낌의 영화입니다.  
20170222,9,"몰입해서 봤습니다. 주연들 연기가 일품이에요. 무엇보다 이야기도 많이 와닿습니다. 법 앞에 누구나 평등해야하는데, 힘없는 사람들이 때로는 희생양이 될 수 있다니 남의 얘기가 아니기에 분노했고 또한 가슴이 많이 먹먹해졌습니다. 정말 좋은 영화에요.  "
20170222,10,과연 이런 가치있는 영화에 별점을 누가 정할 수 있을까요?정말 가치있는 영화입니다 꼭 보세요 전 몇번 더 볼려고합니다  
20170222,10,관람객아주아주아주만족함 감동적이고  
20170222,7,관람객연기는 좋은데 허무...  
20170222,10,정말 솔직하게 영화 끝내 줍니다 일단 첫번째로 실화를 바탕으로 해서 그런지 내용이 정말 현재 우리사회의 모습을 잘 보여주고 그리고 두번째 배우들 연기가 정말 최고 입니다 눈물날수 있는 영화고 정말 반성할수 있는 영화입니다 꼭 보세요 겅추합니다!!!!  
20170222,10,정우 강하늘 김해숙 이동휘 악역경찰분 알맹이 있는배우분들만 쏙쏙 캐스팅하셨네요.정말.연기를 너무 잘하셔서 몰입도가 장난이 아니였어요.특히 제 남자친구는 강하늘님 연기에 땀이나고 배가 아프다고그러더군요.너무긴장되서ㅋㅋ오랜만에 제대로된 영화 한편봤습니당!  
20170222,3,"관람객그알이 더 재밌었다는,,스토리을 알고 봐서인지..  "
20170222,5,관람객사이다가없어요 고구마먹은기분  
20170222,9,관람객연기력진짜쩔어요 연기대결하는줄... 그것이알고싶다로통해 저 사건을 알게되었는데 진짜 답답했지만 마무리는 해피앤딩이어서 좋았습니다 박수 짝짝짝  
20170222,7,관람객배우분들 연기력이 너무 좋아서 빠져들면서 봤습니다  
20170222,10,관람객넘 재밋습니다!화가나네용 500우ㅏㄴ주새요!  
20170222,8,재밌게 봤는데 끝이 아쉽네~~  
20170222,10,하나도 지루하지 않았고 가슴떨리는 영화였다.명품 연기도 굳  
20170222,10,배우들 연기도 다 좋았고 겁나 감동적이다ㅠㅠ  
20170222,6,관람객그냥 저냥 볼만은했지만 실화가 가지고있는 둔탁성은 어쩔 수 없네요  
20170222,10,생활이 궁핍해지면 문제를 해결할수있는 기회를 찾아가기 마련인데 몇 번의 기회에도 불구하고 피해자를 위해 포기하는 변호사가 멋있다 중간중간 정우의 멘트도 웃음을 자아내면서 멋있었다. 더 나은 생활을 탐해서 윤리의식을 버리는 어른이 되고싶지않은건 분명하다  
20170222,10,영화만 보시지 말고 그것이 알고싶다 꼭 보세요.  
20170222,9,관람객전반적인 전개가 재미있습니다마지막 재판받는 장면까지 재현했다면더욱 재미있었을것같습니다  
20170222,1,드럽게재미없네  평점에낚였네 식상함 별루 ㅡㅡ  
20170222,9,라면먹고 밥말아먹을라고하는데 밥이없는 느낌...  
20170222,9,고구마 꾸역꾸역 먹다가 사이다한모금할~~까??하는데 끝남  
20170222,10,제가 익산에서 일어난 사건이여서 관심을 가지다가오늘 익산cgv에서 영화를 보고 약촌오거리를 지나가는데담당형사 쫒아가서 살인하고 싶다는 생각이듬.. 진심..이런 살인충동은 처음이였음  
20170222,10,정우의 연기가 아무리 좋았다 한들 널 안좋아하는 척 연기하는 나보단 아니였다.  
20170222,10,어느영화를 보고나서 한번도 평점을달아준적이없엇습니다.이 영화는 액션이 없어도 완성도높은영화입니다.배우들의 연기력이돋보였고 특히 실화를바탕으로재구성되어서 더욱더 완성도있는영화였습니다.감동적이며 여운이남는영화 짱!!  
20170222,8,스토리는 뻔한데 배우들 연기가 대박..난 애초에 정우 연기 하나 때문에 보러가서 만족했음  
20170222,8,대표님 전 재산 받아보신 적 있습니까? 제가 이겼네요.  
20170222,10,방금 보고왔습니다  ... 안 보면  후회할뻔 ... 연기자도 감독도 모두 수고했다는 말을  하고 싶은 영화였네요 ...  
20170222,9,관람객정우 강하늘 연기가 일단너무 좋고 구성이 좋아요 너무 루즈해지는 구간도 없고 딱히 불만없이 재밌게 잘 봤어요갑의 횡포가 정말 역겹다는걸 다시한번 느꼈네요  
20170222,10,관람객연기가 정말 일품입니다..꼭 보세요 정말  
20170222,1,"참 허무하네요 ㅋㅅㅋ,, 점말 놀랐습니다.  "
20170222,10,정말 눈물없는 제게 처음으로 눈물을 떨어트린 영화였습니다. 실화라서 더 진지하게 영화를 시청했습니다. 피해자와 가족분들의 아픔이 담겨있는 이 영화를 절대 잊지않겠습니다.  
20170222,7,관람객기대만큼은 아니였지만 배우들 연기가 살아있네요~  
20170222,10,재심2 나왔으면 좋겠어요오ㅠㅠ!!!! 진짜 재밌었어요!!연기 진짜 짱!!  
20170222,10,관람객흥미진진 손에땀을 쥐고봄  
20170222,3,관람객스토리가 너무 띄엄띄엄이에요 별로  
20170222,5,마지막 마무리가.... 아쉬워서 .. 전반적으로 아쉽다는 느낌을 주네요 ㅠㅠㅠㅠ  
20170222,9,관람객억울하게 누명을 쓰고 사는 서민들이 많다는 사실이 화가난다. 영화에서 마지막 재판 장면이 길고 좀 더 자세하게 연출되면 좋았을것 같다  
20170222,10,연기력이 시나리오와 모든걸 지배한영화  
20170222,7,관람객정우 강하늘 연기가  좋았다  
20170222,7,처음에는 약간 손이 말려 들어갔으나  점점 본질을 보게 해주었다  
20170222,5,관람객조금 실망 뻔한 스토리입니다  
20170222,10,관람객정우 강하늘 연기 와....  
20170222,2,관람객지루함이 잇네요 그리고 뭔가 갑자기 끝나서...  
20170222,10,관람객실화내용이요서 더욱몰입되었어요ㅜ 꼭보세요 엔딩이약간 음ㅎㅋㅎㅋ 그래도조아요 굿  
20170222,6,"몰입이 안되니 명연기에도 오글거리네요 ㅜ잘 풀었으면 좋았을 영화, 아쉬워요~  "
20170221,10,"과거라지만, 이것이 실화였다는 것이 참 먹먹했어요. 이 상황에서 눈앞의 돈과 성공 보다는 정의를 택한 변호사님께도 박수를 보내드리고 싶어요. 이 시대에 알아야 될 진실이 너무 많은 것 같고, 이를 조금이나마 알 수 있게 해줘서 참 고마운 영화였어요.  "
20170221,9, 진짜 처음엔 별 기대안하고 봤는데 마지막엔 화나고 억울한데 그 변호사님께 너무 감사해서 진짜 아니 정리가 안되네 그냥 보시는걸 추천해드려요배우분들 연기를 너무 잘하셔서 몰입이 잘됬어요..  
20170221,9,멋지게 잘 만들어진 영화인지 아닌지는 모르겠지만 좋은 영화다. 뻔한 스토리로 진행되지만 실화이기 때문에 감동이 된다.  
20170221,7,관람객재밌었어요! 실화라서 더 안타깝게 봤네유ㅠㅠ  
20170221,8,관람객일단연기좋고 재판내용인데 안지루  재판하는건거의안나옴  
20170221,10,그알먼저 보고 이 영화가 너무 보고싶었다 진짜..한숨퍽퍽나오고 너무 ㅠㅠㅠ으허어헝엉 정말 실존인물 최모군 남들시선에굴복하지않고 떳떳하게 행복하게 사세요 진짜 응원하겠습니다!!  
20170221,10,관람객재미써요정말정말 재믹더라구여  
20170221,8,관람객잘봤어요 느끼는게많네요  
20170221,10,진짜 정우 연기 지렷다..  
20170221,8,관람객씁쓸한현실ㅜㅜ 무죄 축하드립니다  
20170221,10,봐야하는영화 오랜만에 한국영화 잘만들었다는생각이듬 영화는 영화관에서 봐야한다는 경각심을 다시 불태워줬던 영화입니다 정우와 강하늘은 케미 집중하게만듭니다 오랜만에 영화잘봤습니다  
20170221,9,관람객Suahqhkdlxhgqtbwkfl  
20170221,9,관람객감정이입이 되어 너무 억울했다  
20170221,7,좋은소재 좋은배우 좋은연기산만한 전개..무슨영화인지알수가없음  
20170221,9,지루하고 오글거릴만한 장면들이 많음에도 불구하고 지루하거나 오글거리지않았다. 배우들 연기력에 지림  
20170221,10,진짜 짱임 꼭 보셈 두번 보셈  
20170221,8,관람객실제로 있었던 이야기라고하니  가슴이 먹먹하네요  재미있게 봤습니다  
20170221,7,관람객대한민국  힘없는자들의 안타까운현실을 다시한번 느끼게하는영화였다  
20170221,10,관람객연기력도 너무 좋고! 요즘같은 사회분위기에 희망주는 영화!  
20170221,7,관람객정우와 강하늘의 연기는 볼만했지만 재심에 도달하는 과정이 상대적으로 길어서 마지막이 부실했다  
20170221,9,관람객재밌었어요... ㅋㅋㅋ 정우 강하늘 연기가 엄청나네요... 수정이 연기가 좀 아쉽지만 ㅠㅠㅠ  
20170221,10,관람객기가나다라마바사아자  
20170221,9,볼만함요. 눈물 좀 흘리고 옴... 정의 그리고 진실은 승리한다 ㅠㅜ  
20170221,8,관람객재밌다. 실화라서 더 큰 감동.  
20170221,9,관람객몰입한채로 가만히 보니까 영화가 끝나있더라 많은게 들어있는 영화  
20170221,8,"관람객  그 변호사님 사명감 최고인거 같아요!뉴스에서 봤을때 입술도 트시고 얼굴너무 안되셔서 마음아팠는데 영화 마지막에서 웃는모습이 너무 환하셔서 다행이예용^^열연해주신 배우님들 너무 멋지셔용~무서븐 형사님, 잘생기신 분이 너무잘하셔서 더 무서웠어용^^  "
20170221,7,관람객영화자체는 매우 좋았는데 실제로 변론하는 장면을 보여줬으면 더 좋았을거같다.  
20170221,10,배우들이 한명도빠짐없이 연기를 너무잘해서 소름돋았고 내용은 큰 반전이나 멋스러움없이도 공감가는대사와 표정으로 올킬...꼭보세요  
20170221,8,정말 재밋게 봤는데 끝이 허무해치킨 먹는데 무가 빠진 느낌...  
20170221,8,관람객2시간이라는 시간이 순식간에 지나가는 영화. 다만 못 보여주는 내용이 많아 아쉽다.  
20170221,9,"강하늘 연기는 말이 필요없을 정도로 정말 잘해줬고, 정우는 응사 때의 쓰레기의 이미지를 완전히 없애버린 연기였다. 그리고 이동휘가 그렇게 악역을 잘해내리라고는 소름끼칠정도로 놀라웠다. 그리고 지루하지 않고, 긴장감과 냉혹하면서도 따뜻한 휴머니즘을 느낌  "
20170221,10,진심 연기 최고 ㅜㅜ 꼭 보세요  
20170221,1,또하나의 한국쓰레기 영화. 까면 다 사회고발 영화고 지 똑똑해 보이지 ㅋㅋ  
20170221,8,관람객탄탄한 시나리오와 몰입되는 연기력으로 재밌게 봤습니다  
20170221,10,재밌네요~~전형적인 이야기는 하지만 재밌는건 부정할 수 없네요~~  
20170221,8,관람객마지막 재판장면이 짧아서 아쉽  
20170221,7,변호인과 비슷한 소재이나 사건보다는 너무 인물의 감정에만 치우짐.  치열한 법정공방씬도 없음  변호인이 내용과 감정 모두를 잡았다면 이 영화는 감정만 잡음.  영화끝까지 사건을 물고늘어지지않고 두 주인공의 감정적 측면에만 집중해서 아쉬웠음  
20170221,8,"관람객연기,분위기 모든걸 압도하네요 정말 잘봤습니다  "
20170221,1,연기 잘한다는데.. 오히려 과장된 느낌 전체적으로 뭔가 답답.. 한국영화의 한계가 느껴졌음  
20170221,4,좋은 스토리에 휴먼 감성을 덮어씌우다 못해 때려부은 영화. 중간중간 생략과 급전개도 심하고....  
20170221,10,관람객주연분들의 연기가 너무 좋았어요끝까지 포기하지않는 변호사역할을 너무 잘해주신정우님 너무 멋있네요 짱입니다  
20170221,9,관람객김해숙 정우 강하늘 특히 악역을 연기한 한재영의 연기는 요즘 국정농단의 주인공 최순실보다 밉상이었다. 돈 권력 야망의 진흙탕속에서 살아남아야할 인간존엄의 필요성을 전하는 심장이 뜨거워지는  영화였다.  
20170221,9,썩을대로 썩은 우리 사회 ㅠㅠ 정우배우님 연기가 매우 인상적이네요  
20170221,10,둘다 연기너무잘함 꼭보세요  
20170221,10,관람객이건두말할것없이 빅재미감동입니다 재심변호사님 정말멋지네요 스토리가더있었으면하는바램도있었습니다  
20170221,7,관람객마지막이 조금 허무했다  
20170221,10,관람객정말 재미있는 영화입니다ㅎ  
20170221,7,불필요한 이야기가 많다 지루해요ㅡㅡ  
20170221,10,철민이형 오랜 만 ㅠㅠ ~ 이런 영화 자주 나와라~  
20170221,10,관람객눈물조온나 나네!ㅠㅠㅠㅠ  
20170221,1,재판안하냐?ㅋㅋㅋㄲ  
20170221,8,관람객사이다를 기대했는데 아쉬웠지만 배우들의 연기력이 아쉬움을 몇 배로 채워준 듯.  
20170221,8,관람객오랜만에 집중하고 본 영화  
20170221,9,관람객정말믿고보는 정우성님  
20170221,10,관람객감명깊게 봤어요..너무나 현실적인영화 정우님의 연기력멋있어요!!  
20170221,10,관람객보면서 화만나네요 저런것들이 숨을 쉬고 살아간다는 자체가 역겹네요  
20170221,9,관람객실화를  바탕으로 만들었다합니다. 부패한 세상에 피해입은 약자를 위해 변호해서 이기니 끝은 해피엔딩!재미있게 끝까지 잘 봤습니다.  
20170221,9,관람객연기력 좋은 배우에 탄탄한 스토리..  
20170221,9,관람객정우의 연기와 강하늘의 연기 거의 모든연기자들의 연기가 좋았습니다  
20170221,10,다시한번 더 보고싶다.모처럼  가슴에 남는 영화다운영화를 본듯!정우 강하늘 김해숙 연기력 진심 감동적였다능  
20170221,3,배우들이 열연하면 뭐해 엄청 심하게 늘어지고 지루함. 돈주고 보기에는 돈아까워서 별 3점  
20170221,10,관람객정말 재밌었어요 보는 내내 소름이 끼침  
20170221,9,결말이 정말로 아쉽다.  
20170221,4,"배우들 연기 괜춘, 내용은 노잼  "
20170221,7,관람객재미있다아아아아하하호호후후  
20170221,9,"관람객정우, 강하늘 용호쌍박!! 다들 연기 너무 잘하십니다!!  "
20170221,10,정우랑 강하늘 연기ㅠㅠ 보면서 자꾸 눈물이났습니당  
20170221,8,배우들의 연기력이 정말 몰입도를 높여주었고 내용의 흐름이 자연스러워서 좋았어요. 다만 결말을 자막으로만 띄워줘서 그런지 약간의 허무함과 2프로 부족하단 느낌이 들었어요. 이부분을 제외하고는 흥미롭게 봣던거 같아요  
20170221,10,못 배우거나 못 살거나 그 누구라도 법앞에서 평등했으면 좋겠네요 상식적인 대한민국이 되기를 빕니다 이영화는 꼭 보셨으면 좋겠어요!!  
20170221,7,"일단 재미는 있습니다. 주연배우들 연기도 훌륭하고요. 다만 이동휘가 극중 갑자기 돌변하게된 계기설명이 거의없었고, 이경영의 캐릭터를 어떻게 표현하고자했는지는 알겠으나 그런 캐릭터라면 좀 더 영향력이 있어야했습니다. 그리고 마지막에서 똥싸다끊긴기분...  "
20170221,10,관람객우선 형사랑 검사놈 뺨 한대만좀 때리고싶다  
20170221,10,관람객진짜 보면서 울컥햇다... 꼭 보시길 추천함  
20170221,10,관람객감사해요요고맙습니다  
20170221,9,관람객다시한번 더 보고싶네요  
20170221,8,관람객임펙트가 조금 부족한듯 합니다  
20170221,7,"너무너무좋았으나,  재판씬이 나오지않아서 아쉬웠고ㅠ너무 과장된 씬들이 있어서 안타까웠음  "
20170221,3,관람객ㅈ뒥ㄴㅅㅈ드ㅈㅅ늦사ㅡㅈㅅ?  
20170221,10,시간가는줄 모르게 봤네요~몰입도 짱이네요정말 잼있게 봤어요..꼭~보셔요..강추  
20170221,7,"배우들 열연도 좋고 괜찮은데, 실화를 각색하는 과정에서 극적인 설정 추가에 욕심이 났는지 실제로 그랬는지는 모르지만 매끄럽지 못한 전개가 아쉬웠다. 차라리 좀 더 담백했다면 어땠을까? 아 그리고 김연서 배우님 예뻐요  "
20170221,10,관람객정우님 연기포텐 터진 영화  
20170221,10,관람객진범이 잡혀 너무 속 시원했습니다그런데 10년을 살고 나온  억울함은 어찌 해야하는지..  
20170221,10,재심이란 무엇인가 라는걸 제대로 깨닫게 되는 그런영화.. 정말 박준영변호사님 감사드립니다.  
20170221,7,관람객실화라서 더감동적이네요결말이다소아쉽네요  
20170221,10,오랜만에 좋은영화 한편 본것같아  
20170221,10,관람객감동적이네요...변호사님 감사합니다  
20170221,10,관람객강하늘 정우 연기 짱임..  
20170221,1,드라마는 너무 과하고 사건에 개연성은 없고 시나리오도 개연성이없고 주제는 갈피를 못잡고  
20170221,10,관람객배우님들 연기가 소오름  
20170221,3,완전별루임....노잼  
20170221,10,화려한캐스팅이 아니라도 오직 연기만으로 꽉찬영화한편봣다실화라 더 가슴을 파고들엇던 영화  
20170221,5,관람객내용을 작성해 주세요~  
20170221,6, 배우들 연기는 정말 명연기였던.. 절절하고 절제된 듯한 슬픔과 분노가 인상적 그런데 극 전개에서는 뒷심이 부족하고 연출이 탄탄하지 못한 느낌.. 아쉬운 영화  
20170221,10,진짜 중간중간 답답하지만 꼭 보세요ㅠㅠ재심전문 변호사님 진짜 존경합니다  
20170221,9,진심 꼭 보세요!! 김해숙씨 연기몰입도도 너무 좋았네요.물론 주연 두배우는 말할것도 없고^^ 추천하고 갑니다  
20170221,10,감동 액션 짠함 모성애 우정의배신 등이 있는영화입니다 오랜만에 재밌게보고왔습니다.  
20170221,9,관람객영화 재밌게 잘 봤습니다~  
20170221,10,잼나네요~ 감정연기 쩝니다~~  
20170221,2,집에서 재방송 딴짓하며 드라마를 보는듯한 시간이었습니다. 평점 ★보고 티케끈었는데 단전부터 욕이 치밀어 오르는 시간이었습니다.  
20170221,8,관람객배우가 좋앗고 엔딩이 넘 싱거웟음  
20170221,10,관람객시간가는줄모르고봤는데 아.이제사이다나오겠구나!했는데 끝낫어요  
20170221,1,이젠 이런 영화는 고만 찍자....  
20170221,7,연기는 굿 정말 대단함 그러나 너무 시대를 읽어버려서 오히려 개인적으로는 반감...차라리 지옥이 낫다는 말에 공감할수도  
20170221,10,관람객연기력이 최고입니다 눈물쏙ㅠㅠ  
20170221,10,관람객전잘봣습니다추천해드려용~  
20170221,8,관람객잘봤어요 ㅎㅎㅋㅋ. 찡했  
20170221,10,너무 재미있게  봤어요...배우들의 명연기...쵝오입니다~~^^  
20170221,10,관람객굿이에요ㅎㅎ 완전 재밋습니단  
20170221,10,그거 내 자동찬데에!! 이동휘라서 맛깔난 대사였음ㅋㅋㅋㅋ  
20170221,10,시간가는줄 모르고 봤네요  
20170221,6,나쁘지는 않는데...흐름이 예상한대로 진행됨 진부함  
20170221,8,참 재미있게 봤습니다. 뭔가 딱잡아 표현 못하겠지만 조금 아쉽네요. 조금만 더 타이트하게 진행 시키고 결말 조금 보완했으면 하는 아쉬움이 ㅋ 영화 좋습니다~  
20170221,7,관람객뻔한 전개와 어색하게 응답한 두명 그럼에도 나머지 김해숙과 강하늘등 다른 연기자들의 연기가 빛이나는 영화  
20170221,9,방금 영화 보고 글을 올림니다 법도 인간이 만든거니까요  
20170221,7,관람객걍 뭐 좀 흠 음 크 흠 허 이 흠  
20170221,7,관람객그냥그러네염ㅎㅎㅎ 기대이하..  
20170221,8,배우들의연기는 정말 좋다후반부 결말에서 군고구마랑찐계란먹구물못먹는느낌  
20170221,9,관람객형사도 혼나고 검사도 혼나는 것 까지 다 나왔으면 더 사이다였을텐데..그래도  너무나 다행입니다.  
20170221,10,관람객재밌어요 꼭 보세요 여러분  
20170221,5,관람객약촌오거리 기억에 남겨지다  
20170221,10,영화도 영화지만 그것이알고싶다 칭찬도 같이 해주자. 그것이알고싶다에서 안했으면 누명도 못벗고 영화화도 못됐을거다.  
20170221,8,재판 시작했다 재판 끝났다!  
20170221,7,정우랑 이동휘나와서 그런지 영화보는 동안 계속 응팔 생각만 나고 이동휘랑 정우 연기가 아쉬웠음 강하늘도 배역하고 잘안어올렸고 영화가 재밌기 보다는 개봉을 잘한거같음 영화가 현실을 못 뛰어넘는다는게 이영화를 보고 처음 알게됨그런데 영화끝나고 펑펑움  
20170221,10,보는내내 먹먹하지만 그렇기에 꼭 봐야하는 영화  
20170221,10,가슴이 먹먹하다. 영화 끝나도 먼가 남는게 있다.  
20170221,10,관람객재밌고 감동적인 영화였습니다  
20170221,7,관람객소재는 좋은데 좀 지루하네여  
20170221,9,관람객실화라서 더 감동이 있는 영화 입니다  
20170221,7,무죄가밝혀져서 진짜다행  
20170221,6,관람객조금 늘어지는 감이 없지않아 있어서 지루했음... 긴박감을 주는 요소가 없음  
20170221,10,대힌민국의 사법부와 경찰을 고발합니다.  
20170221,9,잘봤습니다. 정우와 강하늘의 조합이 좋았네요  
20170221,6,성의없눈 결말에 실망. 대단한 일이나 너무 영웅시만드는거같은느낌...  
20170221,9,사람하나 바보만들기 딱좋은 우리나라에도 희망은 있다  
20170221,10,관람객명연기를 볼 수 있는 영화  
20170221,9,'법대로 해야 한다..'예전 내가 교과서만이 정답이라고 여겨졌던 학창 시절 그게 다 진리이고 답인줄 알았다..하지만..나이가 들면서 돈이 세상을 지배하고 있다는 사실에 부인하면서도 세상은 내게 아니라고 한다..영화에 나오는  변호사의 힘이세상을 바꾸길  
20170221,8,"각각의 배역에서 분노하고, 참고, 원하는 모습을 배우들이 잘 표현한 영화인것 같다. 이 영화에서 중요한 배신역할을 맡은  모창환역이 좀 아쉽긴했다.  "
20170221,10,"엔딩이 인상적이었습니다. 다시금 영화의 장면들을 되돌아 보며, 관객들 스스로가 변호사가 돼서 설명할 수 있도록 합니다. 그만큼 배우들의 흠 없는 연기가 정확한 스토리와 감점들을 잘 살려 준 것 같습니다.  "
20170221,9,관람객재미있게 잘 봤습니다.현재 정치를 비판하고 있는걸 느꼈네요.마지막에 시원하게 재판에서 이기는걸 기다했는데 조금 아쉽네요.!!  
20170221,10,강하늘 연기 너무 잘하고 정우의 진심이 므껴졌어요~  
20170221,10,"관람객배우 굿, 연기 굿, 감정 굿  "
20170221,10,소년을 살인범으로 만든 그들을 보는 내내 화가 났다.  
20170221,9,관람객잘 보았고이 땅에서 더 이상 이런일이  생기지 않게 간절히 바랍니다  
20170221,8,관람객볼만한 영화였음과거 죄없는 사람들이 저렇게되서 감옥에 가게되다니그런사람들이 많이 잇지싶다  
20170221,10,관람객아주  재밌게 잘봤슴니다^^  
20170221,9,관람객영화가 끝나자 가슴이 먹먹해진다 ~또 다른 피해자가 없기를  
20170221,9,이런 소재들의 영화는 지루해지기 딱좋다 하지만 이영화는 지루할 틈이없이 배우들이 연기를 너무 잘해주었다. 너무 재미있고 기억에 많이 남을 영화인거같다.  
20170221,8,영화가 극에 다할 무렵 끝나버려서 아쉽지만 출연진들 연기는 훌륭하다  
20170221,7,관람객그냥 감성팔이 영화같았다. 그래도 정우 강하늘 연기는 넘나 좋았고 쓸대없는 사랑이야기 없어서 좋았다  
20170221,9,정우와 강하늘의 명연기가 작품에 몰입도를 높여주었고김해숙 배우님의 명품연기로 가슴아픈 슬픔을 느꼈습니다.의미있는 영화 '재심' 정말 강력추천합니다^^  
20170221,8,관람객강하늘 연기는 잘하네 ㅡㅡ  
20170221,10,다시는 이런 안타까운 일이 일어나지않기를 빕니다.정의롭고 상식이 통하는 안전한 사회를 소망합니다.  
20170221,10,정말 연기최고구요 중간중간 웃음도 울음도 많이 났 습니다 촬영지가 제가사는 동네라 깜짝깜짝 놀랬네요 실제 오거리에서 촬영한게 아니드라구요  
20170221,9,처음 평점 남깁니다.. 오랜만에 돈주고봐도 안아까울 그런영화.. 연기자들의 연기에 시간가는줄 모르고 몰입해서 봤습니다..  
20170221,10,"연기 좋고, 억지감동짜내기 없이 깔끔하고, 마무리 깔끔하다.  "
20170221,9,관람객연기가좋네요 추천합니다  
20170221,10,보는 내내 눈 부릅뜨고 감상했습니다. 사회 사각지대들을 놓치고있는 제가 아닐까 하며 반성도 했습니다. 꼭 보세요  
20170221,10,"지난주 토요일에 보고 오늘 두번째 보고 왔습니다.두번보아도 정우, 강하늘 두 배우의 연기에 몰입된 감정이 가시질 않고, 이 두 배우가 매우 궁금해지네요~ 김해숙님, 이경영님 또한 훌륭했구요~ 잔상이 많이 남는 좋은 영화를 만날수 있어서 감사드립니다.  "
20170221,8,관람객연기도 좋고 기대했던 것보다 좋았음  
20170221,8,관람객평범하구요 좀지루한감이있네요  
20170221,10,정우형이 드디어 대박냈다  
20170221,8,관람객재밌는 영화네요오!!!  
20170221,8,"관람객마지막이 너무 허무,,  "
20170221,10,난 이런영화 넘 좋드라ㅠ 영화 변호인생각도 나고 ㅠ벌을 받야할사람들에게 다시 벌을 줍시다. 누명씌여 억을하게만들고 자기들은 죄의식없이 잘먹고잘살고 법조인은 그럼 안됩니다 그런 악마들은 똑같이 벌받아야 정신차릴랑 말랑이에요.  
20170221,10,관람객배우들이 연기를 너무 잘해서 저절로 몰입됐어요. 스토리도 구성이 좋았습니다. 한번쯤 봐도 후회 없는 영화예요.  
20170221,9,관람객약간 끝으 아쉬웟지만 실제사건이라는점이 더욱 와 닿앗고 정말 재미있게 한편으로는 가슴아파하며 보앗습니다  
20170221,10,관람객넌 사람죽일놈 아니야.. 이 비논리적인 한마디가 어떤 주장보다 가장 설득력이 있었다.. 주연들 연기 클라스에 놀랐고... 좋은 영화임  
20170221,6,관람객믿고보는 강스카이의 연기와 정우의 위트  
20170221,10,관람객대박 슬픔 이런사건들이 없어야합니다정우♡강하늘  연기최고!!!  
20170221,8,관람객실화를 바탕으로 한 영호ㅏ들의 안타까윰과 후련함~변호사님 멋지시네요~  
20170221,9,정말 시간가는줄 모르고 봤던 영화. 소재는 무거울수 있으나 스토리가 무겁지만은 않아서 좋았음. 배우들 연기력 또한 100점  
20170221,9,배우들의 명연기로 몰입도는 최고조  
20170221,9,관람객감동적입니다. 실화여서 더 안타깝네요.  
20170221,10,관람객증말 재미있게 보았습니다  
20170221,9,관람객억울하다 못해서 형사들의 압박이 더 보기싫더군요실제 저런 형사들이 많이있다고는 하지만 무튼 재밌었습니다  
20170221,8,관람객재밌는데 생각보다 허무한결말 그래도 나름 재밌어요!  
20170221,10,평점 잘 안 쓰는데 이 영화 이끌리는 뭔가가 있네요개인적으로 정우씨 능청 연기는 너무 웃깁니다 ㅋㅋ  
20170221,10,관람객넘재밌어요 잘봤습니다  
20170221,1,모든 전개가 마지막 재판 하나를위해 쉼없이 몰아쳤는데 그 재판은 2분만에끝. 예열 1시간50분 시동5분 주행2분  
20170221,1,너무나 이기적인 여주.  
20170221,10,법정 영화는 아니지만 뻔한 더킹이나 공조보다 좋다! 많이  
20170221,10, 무겁지않고 웃음코드도 있고 과하지않은 감정연출이 아니라서 오히려 더 가슴아프게 느껴졌습니다배우들 명연기와 잔잔한 감동이 가득한 영화  
20170221,10,봊나 재밌음 마지막 부분에서 눈물흘림  
20170221,8,관람객그냥그냥..그럭저럭  
20170221,10,정우 완전 멋있었음.. 실화라 해서 더 가슴아팠고 평생을 거대자본가의 개밥 인생이 되지 않기를 ...억울히 사는 이가 없도록 ..영화로 많이 만들어서 사람들에게 인식시킬 필요가 있다  
20170221,9,실화를 바탕으로 한 영화라 더욱 감동이네요~! 재심전문변호사님 정의와 진실을 위해 화이팅하세요!! 영화도 대박나세요!!  
20170221,9,나름 우리나라의 현실을 잘 반영해주는 영화같네요! 굿입니다! 정우연기 와  
20170221,8,관람객다좋은데 느닷없이 마무리 ㅠㅠ  
20170221,8,관람객결말이 허무하나 재미있었음  
20170221,2,영화를보고눈물이났습니다 돈이아까워서요어떻게이런소재와배우로 이렇게밖에 못하는건가..특히마지막에 아설마끝날까했는데진짜이렇게끝나네요작년포함해결말이제일최악입니다 그래도배우연기력때문에2점  
20170221,10,연기가 엄청남 최고...b  
20170221,10,관람객잘관람했습니다.다시또 보고싶네요  
20170221,8,관람객배우들의 연기력도 좋았지만 마지막이 결말이 넘 급하게 끝낸거 같습니다.  
20170221,6,연기는 좋다... 다만 실화라는 사실이 꽤나 불편할뿐..  
20170221,9,관람객강하늘씨의연기가너무나인상적이었어요  
20170221,8,주연배우들의 캐미가 감동적인 영화  
20170221,8,연기력으로만 보면 만점. 검사와 이동휘가 맡은 역은 좀 개연성 떨어짐.  
20170221,8,관람객실화라 그런지 몰입도 잇엇으나 마지막에 약간 아쉬움이남앗다 그래도 괜찮은영화라 생각함  
20170221,9,관람객세 주인공의 연기가 대박이고 줄거리도 탄탄...  
20170221,2,솔직히 현 시국과 맞물려 억지 감동 억지 눈물 강요한 좌파색 짙은 영화임 별감동도 별재미도 없는데 평점이 어마아마..뭔가 냄새가..  
20170221,8,개연성이 후달리긴 했지만 나름 볼만은 했다  
20170221,7,공감가는 소재이기 하나 전개과정이나 연기가 매그럽지 못했다..다큐도 아니고 단순한 사실나열도 아닌..영화적묘미를 살리지 못한 아쉬운 작품이다  
20170221,7,스토리7 비주얼7 연출6 연기 8 총 7  
20170221,9,이게 실화라고????  
20170221,10,사회적 메시지가 있는 영화인데도 배우들 명연기로 재밋게 봤습니다. 이게 정말 실화라니 얼마나 억울했을지  
20170221,4,평점이랑 리뷰보고 갔는데 전 별로였음...마지막 결말도 제대로 나올줄 알았는데 허무하고 돈주고 보긴 아깝  
20170221,6,재미도 없고 감동도없고 기대보다 별로 보통이상이면 7점은 주는데 돈이 아까움  
20170221,1,알바한테 속았다...다같이죽자  
20170221,10,관람객눈물펑펑 쏟으며 잘봤어요  
20170221,10,세상에 억울한 일을 당하는 사람이 없기를... 이런영화 만들어주셔서 감사합니다 모두가 알아야 할 것 같아요  
20170221,10,마이클 샌델의 정의란 무엇인가가 생각나는 영화  
20170221,10,"정우, 강하늘 두배우의 연기가 빛난다. 특히 강하늘이 절규하며 외치던 법? 법?! 잊을수없다.  "
20170221,4,약간 내용이 지루하게 전개됨..내용은 흥미스러운데 영화전개가 조금 지루한 느낌이 있음.옆에 있는 관객은 코까지 골더라구요..  
20170221,8,관람객다시 재심해서 살인 누명을 벗고 새 삶을 살 수 있었던 주인공  
20170221,10,배우들의 명연기..특히 믿고보는 배우 강하늘 동주보면서 왕팬됐는데 몸을 사리지 않는 그의 연기가 눈물샘 자극 아직도 머릿속 재심으로 가득하다 마지막 사이다 재판과정이 있었으면 싶긴 하더라~~♡♡♡  
20170221,1,"왜 나만 별로..? 실화라는 거 빼면 삼류영화 같음. 변호인 느낌일 줄 알았는데 심판에 초점이 맞춰진거보다 배우들이 관객들 감동시키려고, 명대사 만들려고만 연기하는거같다. 그리고 내용도 너무 질질끌고 오글거리고 돈아까웠음.  "
20170221,8,관람객볼만해요 한번 보셔요 추천  
20170221,10,관람객개앙한가싶기도하고ㅡㅡ  
20170221,4,이것들 다 알바임? 고구마만 100개 먹고온 것 같은데 재판시작하고 사이다 먹는 줄 알았더니 첫번째증거입니다 이러고 끝나네 연기랑 몰입도는 좋은데 개연성도 부족하고 난잡함  
20170221,7,관람객구성이 치밀하지 못하다는 생각이들었음  특히 뒷부분이 그래요  
20170221,10,재심을 보고난 후 우리사회가 점점 더 내가 아닌 우리라는 연대의식을 가져가고 있는 것 같아서 좋았습니다...박변 고생 하셨어요^^  
20170221,8,관람객그냥 볼만했습니다영화 변호인보단 못했지만  나쁘진않았어요  
20170221,10,관람객너무 감동적인 이야기입니다  
20170221,10,강하늘씨연기가 자연스럽고 의외로잘어울렸어요. 정우씨도 완전 연기파배우ㅠㅠ다들 몰입도최고에 이런 사건이 있다는걸 그것이알고싶다에도 나왔다는걸 이제야 알게되었네요.  
20170221,10,기대 안하고 봤는데 재밌음  
20170221,10,관람객순간 울컥하기도하고 여러가지로 재밌렀던 영화  
20170221,10,꼭봐라 보길잘했다 많은걸느낀다 지금사회도 머가다를까 여전히 강자에게만 유리한법  
20170221,1,돈준다고 보라고 해도 보기싫은 심심 그 자체....  
20170221,9,관람객마무리가 살짝 아쉽지만 전체적으로 만족  
20170221,10,배우들 명연기 잘보고왔습니다 실화가 바탕이라니 ㅎㄷㄷ  
20170221,10,진짜ㅈㄴ 재밌다. 배우들 연기 개소름끼치고 이게 실화였다는겟도개소름...  영화 엔딩도 완벽한듯 함익산사람이라 더욱이 궁금했던것도 있었는데진짜 기대이상임  
20170221,10,"기대 이상의 감동, 몰입도 최고의 명연기, 실화라서 여운도 길어요.  "
20170221,9,관람객안타까운 현실이네요.... 영화는 재미있었습니다.  
20170221,10,정우의 연기하나로도 충분한 영화  
20170221,10,관람객잘봤습니다. 정우 진짜 연기 잘합니다. 영화에 집중하게 됩니다. 그 당시 사람들의 감정을 잘 묘사한것 같습니다. 강력추천 합니다  
20170221,10,여운이남네요 돈이하나도안아까웠어요  
20170221,10,부모님과 함께 영화관에 오면 저와 부모님 모두를 만족시키는 영화를 찾기 힘든데 이번에는 대성공이였어요!! 너무 안타깝고 슬퍼서 보는 내내 가슴이 문드러질것 같았어요. 이를 해결해줄 통쾌한 결말은 아니였지만 아쉽지 않은 깔끔한 결말이였습니다.  
20170221,9,관람객재밌어요! 연기짱입니다!  
20170221,1,한창 잘 보다가 끝나서 응???? 이게 뭐지???하면서 1분간 당황함배우들 연기는 좋았는데 마지막 엔딩이 다 망쳐버림영화평점 첨 쓰는데 지금도 너무 황당해서 어이없음  
20170221,10,연기 너무 잘 하시고 시나리오에 한번 더 반했습니다. 저에게 인생영화가 됐습니다.  
20170221,10,관람객평범하지만평범하지않은영화  
20170221,1,"아, 잘잤다. 그냥 그것이알고싶다 봅시다. 그리고 이동휘는 영화는찍지말고  "
20170221,10,관람객진짜 대박입니다... ㅠㅠㅠ 눈물나.. 경찰역 맡았던 분이 하신말씀이 기억에남네요 요즘 젊은이들은 나라를 헬조선이라고 한다고....재심영화 보면서 아마도 누명쓴 분들이 상당히 많을거 같은데 아직 누명 못 벗으신 분들이 참 안타깝고 마음이아팠습니다  
20170221,10,배우들 연기 다 좋네용! 결말을 좀 더 알차게 마무리 했으면 더 좋았겠지만 재밌게 잘 봤어요  
20170221,5,나만 그런지 모르겠지만 속답답해서 죽을것 같았는데ㅠㅠ 반응이 완전 뜨겁네요.. 삶은호박고구마 10개를 꾸역꾸역먹고 스포이드로 사이다를 두모금 주고 끝난 것 같은!!!10시에 보고왔는데 12시까지 속답답했어요 ㅠㅠ  
20170221,10,관람객기대하고 봤는데 역시나 재미있게봤습니다  
20170221,5,관람객약간 라면먹고 밥먹을라하ㅡ는데 밥이없는느낌?  
20170221,10,그냥 너랑봐서 좋았다 담엔 손 잡고 보자  
20170221,10,관람객재밌는데 너무 극화한것같은느낌이들었다  
20170221,10,관람객믿고보는 정우와 이제부터 믿고 볼 강하늘  
20170221,10,꼭 보시길 강추합니다.김해숙님 강하늘님 정우님 연기 오집니다 항상 느끼지맘 김해숙님 정말 명연기.... ㄷ  
20170221,9,재미있고연기도촣으네요  
20170221,10,1234567890  
20170221,10,정우 연기 갑 인정인정 진짜 최고  
20170221,1,그냥 그것이 알고싶다 보세요 배우들 연기에 무임승차한 연출 아쉽습니다  
20170221,10,관람객슬프면서도 우리의 현실을 한 번 생각하게 만드는 영화입니다~~ㅠㅠ  
20170221,8,관람객나쁘지 않은 전개에 연기가 좋았다  
20170221,9,"관람객그냥 꼭 보세요!정우 연기력,강하늘 연기력 짱ㅜㅜ  "
20170221,10,관람객소름돋는 영화보는내내 화를 참을수없었지만최고였던 영화인것같다  
20170221,8,"관람객좋은 연기력, 허술한 시나리오  "
20170221,10,너무재미있게본영화 끝이조금허무했지만 너무재밌는듯  
20170221,8,아 그냥 배우들 연기가 참 좋다 좋아  
20170221,10,"주연 배우들이 연기를 너무 잘한다. 특히 이동휘 배우의 새로운 면을 보게된 것 같다 원래 이렇게 진지한 연기를 잘하는 배우인지 몰랐는데, 모창환 역할로 좋은 연기를 보여준 듯. 스토리도 좋았고 영화 보는 내내 재밌다는 생각이 들었다!  "
20170221,10,돈을 위해 친구를 배신하고 힘없는 사람에게 죄를 뒤집어쓰는 안타까운 현실을 보면서 많이 분하고 슬펐다. 누구하나 믿을 것 없다는 생각도 들었고 실화라니 더더욱 마음이 먹먹했다. 배우들의 연기는 정말 최고였다..??  
20170221,10,정우형 너무 멋있어욥!같은 부산인게 너무 좋아요진짜 너무 멌있었다..앞에앉은 여자들이 멋있다 이럼 ㅋ  
20170221,9,관람객재미잇고잘만들엇네요  
20170221,9,관람객몰입도가 있는 영화였습니다 연기자들의 연기력도 좋았고 스토리도 긴장감있게 잘 흘러가서 시간가는줄 몰랐지만아쉬운것은 마무리가.. 좀... 허무하네요 일부러 짜른건지모르겠지만 더 길게했으면 하는 마음이였습니다  
20170221,9,실화를 다룬 영화라서 참 좋았습니다.다시는 이런일이 벌어지지않기를 바라는 마음입니다.  
20170221,8,관람객뭔가아쉬운데 재밌게보긴했네요  
20170221,4,방금보고옴....가슴아픈이야기지만  연출력이 수준 이하급....연기자들  연기력은 인정....부자연스런 흐름...억지 설정...어설픈 엔딩....짜증났음  
20170221,10,관람객잼잼잼잼 완전 재밋어 ㅋㅋ  
20170221,8,관람객크게 실감나는 장면이 없네요  
20170221,10,관람객재미있게 봤습니다 감동의영화내  
20170221,8,관람객2시간 가까이 되는 시간인데도 너무 짧게 느껴질만큼 배우들의 흡입력이 강했다! 그런데 우리 나라 영화의 특성상 끝이 항상 아쉽듯이 여전히 이 영화에서도 나타난다..2프로 부족하다는 의미에서 8점 줍니다!^^  
20170221,1,완전 핵노잼돈 개아까움 보지마셈후회함진심으로  
20170221,9,"관람객연기 너무 너무 너무 너무 최고입니다,, 재밌엇어요^^!  "
20170221,10,너무 씁쓸하고 답답했던.. 그나마 재심에서 무죄판결을 받아 다행이다. 그의 10년은 어떻게 보상받으리ㅠ 울면서 본 영화! 배우들 연기가 정말 정말 좋았다.  
20170221,10,관람객감동적이고 재미있어요! 엔딩크레딧 나오는데 왠지 눈물이 나올꺼 같은 기분이 들었습니다  
20170221,9,두 배우가 앞으로 더 멋지게 성장하길.연기 참 잘한다.익산경찰서 형사들의 재판결과가 궁금하다.  
20170221,10,관람객콜라를 펩시걸 마신 기분 달달하니 맛있긴한데 끝이 좀 아쉬웠음 그래도 볼만하다고 생각함  
20170221,8,관람객지금 시국에 맞는 옳고 그름을 판단하게끔 만드는 영화.굿!  
20170221,8,관람객집중하고 보기좋은 영화네요  
20170221,9,관람객내용도 좋고 연기도잘한다  
20170221,10,재밌어요ㅎㅎ 실화라서 마음이 아플따름 ㅠㅠ  
20170221,10,관람객재조명 받아 다행이고 흥행에 더욱 성공해서 영화속 반인류적 수사기법과 판결이 더이상은 나오지않길..  
20170221,6,스토리는 좋았는데 변호인처럼 결과 내용 장면이 있었다면 좋았을텐데 라는 아쉬움이 남아요  
20170221,9,관람객너무 기대를하고 봐서 그런지 좀 지루했어요그래도 도가니 다르게 정의가  승리해서 좋네요  
20170221,10,맨 마지막 장면 소름이였다  
20170221,6,관람객뻔한스토리 뻔한결말 억지감동  
20170221,8,관람객무난했어요한번은보세요  
20170221,10,연기 정말 잘봤습니다. 인물 감정변화를 잘느낄수있었어요. 김해숙님 연기는 진짜 감탄만나오더군요 ㅎㅎ 앞으론 이런 억울한사람이 없길.. 법이 약자의편에 서주길 바랍니다  
20170220,8,그것이 알고싶다  약촌오거리 영화버전.  
20170220,10,관람객시간 가는줄 모르고 봤습니다  
20170220,9,관람객실제내용이라 많이 공감이 되었습니다  
20170220,5,관람객사건을 티비에서보고  알고있었어서그런지 새로운 내용이 없어 살짝 지루하기도  
20170220,10,관람객후회없어요.정말재밌게봤습니다  
20170220,8,형사는 물론이고 우리 모두가 바뀔 필요가 있다  
20170220,8,관람객첨부터 끝까지 지루하지 않았고 실화라 그런지 더욱 몰입이 잘됬던거 같다 마지막 장면이 조금 아쉽지만!  
20170220,10,여운이 깊게 남네요..배우 정우씨와 강하늘씨의 명연기도 잘봤습니다  
20170220,9,무난하고 볼만했습니다. 연기는 정말 좋네요.  
20170220,10,관람객잔잔한 감동과 속이 뻥 뚫리는 즐거움이 있는 재심~~꼭 보세요  
20170220,10,관람객감명깊었어요가슴이따뜻해지는좋은영화였어요  
20170220,10,재밌게 보았습니다. 아주 많이요  
20170220,8,관람객강하늘 정우 연기 짱!!  
20170220,8,관람객재미있었고 감동이였어요  
20170220,8,실화라서 더 가슴아픈 영화.. 내가 억울하게 옥살이했다면 어땠을까 생각만해도 가슴이 미어짐 ㅜㅜㅜㅜ 끝에 큰 임팩트가 없어서 아쉬웠지만 잔잔하게 보기좋은 영화였음 연기는 두말할 것 없이 완벽했고!  
20170220,10,보고 엄청 울었습니다ㅠㅠㅠㅠ  
20170220,10,관람객강하늘 정우 너무 멋져요 ㅠㅠ  
20170220,10,"강하늘,정우등~배우분들 연기가 다들 자연스러워서 더 보면서 화가 나는부분이 있었고,무대인사때 여배우를 보니 참 예쁜분이시다는 생각이들더군요.박두식이란분의 유쾌한 진행에도 웃음이 났고 정말 좋습니다~!  "
20170220,10,정의로운 변호사 멋있다 자신이 젤 나쁘다고 한 것도 기억남  
20170220,9,"관람객1. 인생에서 성공하기 위해 공부를 해야 할 이유를 뼈저리게 느끼게 됩니다.2. 영화가 막에 다달아서, 정우가 강하늘에게 눈물을 보이며 했던 그 말에 울컥했습니다.  "
20170220,10,관람객현재의 대한민국을 보는듯한...먹먹하고 감사핬습니다  
20170220,10,관람객정우강하늘연기개잘함  
20170220,10,감동적이에요 끝까지 재미있어요  
20170220,10,최고 꼭 보세요!!!!  
20170220,10,최고의연기 최고의영화이런일이 일어나질 않기를..  
20170220,8,관람객영화는 좋으나...가슴먹먹답답해 눈무리주륵주룩  
20170220,4,영화산업은 발전하고 영화계는 퇴보하고 있다  
20170220,9,관람객기대하지않고본영화지만 재미있었다  
20170220,10,관람객정말 재미있게 보았고 연기들이 정말....찰지시네요..근데 여주는 좀..  
20170220,8,관람객웃음과 감동이 잇네요 잘보앗습니다..  
20170220,9,관람객모처럼 재미있는 영화를 보았네요.어느날 '파리대왕'을 읽고 아이들에게 질문을 했었지요.정의의 편에 서는게 옳다는 답변이 나오는게 당연하다는 결론을 염두에 두고.그렇지만 80%아이들의 답은 힘있는 쪽에 서겠다는 것이었고 충격받았습니다.  
20170220,10,관람객기대안하고봤는데 굿 영화였어여  
20170220,10,관람객무섭긴하지만 재밌네요  
20170220,7,연기가 좀 매끄럽지 못하네요. 변호인과 같은 감동을 기대하지 마세요.  
20170220,8,관람객영화를 보는 내내  답답했는데 막판 하이라이트에  뻥뚫린듯한 속 시원함에 10년 묵은 체증이 내려간듯  좋아하는배우 정우연기 너무 자연스럽고  감동이였음  
20170220,10,기대안하고 봤는데 우선 연기가 진짜 미친것같아요 ㅠㅠ 명연기에 실화가 그런지 줄거리도 좋고 여러모로 너무 재밌게 보고 많이.울었네요 ㅠ 간만에 진짜 영화다운 영화봤어요 ㅠㅠㅠㅠ  
20170220,10,관람객지루하지않고 재밌었어요 잘은 모르겠지만..  영화를 자극적이고 드라마틱하게 만들려고 하기보단 사실을 전달하려는 느낌?연기도 물론 잘했고 너무 좋았어요마지막이 조금 아쉽지만ㅜㅜ 그것도 전체적으로 보면 왜 그렇게 끝낸건지 알것같긴해요~ 굿  
20170220,10,여운이 길게 남을 듯한... 17년 본 영화 중 손에 꼽는다. 연출도 시나리오도 연기도 모두 다 만족스러워요. 아. 그것이알고싶다보러 가야겠어요.  강추!!  
20170220,7,관람객글쎄 뭐랄까 실화를 바탕으로 해서 그런가 씁슬함은 있으나영화 자체만으로는 극을 이끌어 가는 스토리가 약하단 생각이 듬  
20170220,10,관람객결말까지실화라그런지여운이남는영화에요!  
20170220,6,"관람객먹먹한영화,,그래도 뭔가 시간을확인하게되는 지루함 ㅎ  "
20170220,8,"실화를 재구성했다는 흥행거리도 있지만 배우들 연기력으로 정면승부한 작품. 최근 국내영화가 잠깐 눈만 즐거운 오락영화가 많았는데 간만에 재밌는 거 봤네요,  "
20170220,9,관람객재밋는데ㅜ마지막 결말이 너무 허무허댜...  
20170220,10,관람객재밌고  옛날 모습을보는것같았습니다  
20170220,10,관람객개쩜????????????????  
20170220,8,관람객라면 먹고 밥 말아 먹으려고 하는데 밥솥에 밥이 없는 느낌 마무리가 허전해요  
20170220,7,정말 의도는 좋았고 무엇보다도 배우들의 연기가 너무 완벽했다.개인적으로 마지막장면이 아쉽다.더 큰 사이다를 바랬는데..무튼 박준영변호사님같은 분이 많았으면 좋겠네요^^  
20170220,7,물론 이사건만 놓고본다면 만점을줄수있겟지만 이것은 실화를 바탕으로한 영화다 재판영화의 뻔한스토리 뻔한결말 너무뻔하다.  
20170220,10,친구들에게영화보고나오자마자한치의망설임도없이추천한영화.영화관은벗어나도여운이남는영화.이거지같은일들이실제라는사실에정말가슴이아프고명치에뭔가가걸린듯한느낌..10년이란세월운도대체누가보상해주나요 돈에권력에눈먼인간들..진저리처진다  
20170220,3,"귀찮은 거 싫어해서 이런 평점글 한 번도 안 남겨봤는데, 처음으로 로그인하고 글 씁니다. 영화관 가서 내 사비 들여 봤는데 돈이 많이 아깝네요. 정우는 응팔에서 쓰레기 할 때가 제일 나았고, 강하늘은 영화 동주에서 윤동주 할 때가 제일 나았다고 봅니다  "
20170220,1,난 왜 재미없지 ?....내가이상한건가?  
20170220,10,난 이 영황안봤으면 약촌오거리사건에 대해서 몰랐을것이다.영화로 사회문제와 대한민국 헌법의 모순을 꼬집어 주셔서 감사합니다. 두시간 동안 배워간다는 생각이 들어요!  
20170220,10,관람객정말 마음이 가는 영화였다  
20170220,8,관람객박준영 변호사님 같은 분이 많으셨으면 좋겠습니다  
20170220,10,오늘 봤는데 너무 재미있네요..연기들 정말 쩜..눈물도 나오고..전 재밌게 봤어요  
20170220,10,강하늘배우님을 사랑해서 인지는 모르겠지만  정말 명품연기에 실화가 바탕이니 감동적이고 재밌었습니다.  
20170220,9,관람객가슴이찡하다정우연기짱~~^^  
20170220,10,관람객마지막 대사가 너무 감동적이네요 ㅎ  
20170220,9,관람객카스테라 먹고 물 찾는데 물이 따뜻한 물밖에 없는 느낌  
20170220,9,실화주제이고 실제 주인공들의 그 막막함 답답함 연기를 매우 잘해준 것 같다. 다만 마지막에 재심에서 승리했을 떄의 그 후련함 이 포함됬더라면 더 좋지 않았을까? 조심스레 생각해본다. 강하늘 연기가 후덜덜합니다.  
20170220,10,관람객그냥 보통인거 같아요 ㅠ ㅎㅎ  
20170220,8,관람객조금 더 영화가 친절했으면 하는 생각이 들었지만 재밌었습니다!  
20170220,6,기대했던것보다는...스토리가 조금 가다만 느낌이랄까...조금더 파고들었어도 잼났을텐데..슬픈거조금...감동조금...왔다갔다하다보니...끝나더라구요...크게 나쁘진않았지만 기억에 남을 정도의 영화는 아니였던듯해요..  
20170220,10,"많이울었습니다 죄없는 주인공의 삶이 너무 안타까워숑~~저 많이 울었습니다...하늘.이란 배우..영화"" 동주 ""에서 인상깊었는데...여기 또 나오더라구요..반가워요  "
20170220,3,관람객ㅎㅇㅎ둊조졶뇬ㄴㅎㅁㄹ묮ㅎㅈ  
20170220,10,관람객연기자들 믿고 보는 영화  
20170220,10,관람객재밋어요 스토리 탄탄 연기 탄탄  
20170220,2,익산꺼라봤더만익산에있었던얘기랑 틀리그만글고. 익산말투가아니고 광주말투여억지감동과억지슬픔. 연기력으로 2점이지 스토리는 완전엉망이네 결론은. 겁나. 졸라졸라 재미없다보는동안.짜증  
20170220,10,재밌는데 진짜 답답하고 화난다..젠장  
20170220,10,오랜만에 내용 좋고 재밌고 통쾌한 영화네요 강추  
20170220,10,관람객정우 연기 진짜 잘하심 재밌음  
20170220,10,"강하늘 OOO기력 정우의 잔심어린 호소, 아들을 위한 노모의 외침 ㅠㅠㅠㅠ 정말 명연기로 너무 몰입해서 봤습니다살기좋은 대한민국을 꿈꾸며.... 이 영화 응원합니다  "
20170220,10,억울하다고 말해도 들어주지않아 얼마나 원망했을까요 준영같이 좋은 변호사가 옆에있었다면 단 한사람이라도 끝까지 믿고 도왔다면 10년을 감옥에서 안 살았을걸  지금 이시대에 꼭 봐야하는 가슴찡한 영화입니다 더 이상 이런일이 없길 ....  
20170220,9,배우들의 명연기가 돋보였던 대박작품^^  
20170220,10,잘봣어요.재미도잇고감동먹엇어요  
20170220,8,관람객배우들 연기력은!! 끝이 조금 아쉬웠지만 너무 집중하면서 봐서 손톱다뜯어버렸네요..  
20170220,8,근래에 본 영화 중 제일 낫다. 배우들의 연기가 훌륭하다. 쓰레기 정우의 연기력이 이렇게 뛰어났었나? 모두들 보기 권한다.  
20170220,10,관람객믿고보는강하늘이였다!  
20170220,9,관람객아주 재미있는영화였으나 마지막에 기대하던 판결부분이 묘하게 스킵되 찝찝한 기분임  
20170220,9,관람객마지막이 조금 아쉬운거 ㅠㅠ  
20170220,5,관람객연기는 잘하는데 몰입이 되지 않는 느낌.전개가 예상되고 아쉬운 부분이 많았습니다.그리고 옛날의폭력적인 사회구조....후...이하생략...  
20170220,9,마음이 먹먹하다가도 힐링이 되는..그런 영화두배우의 연기력도 좋았어요  
20170220,1,핵 노 잼  돈아깝다...진심 알바들 평점 쩔어  
20170220,9,친구가 집에서 보는게 낫다며 보지말라고 했지만 그래도 한번 보고싶어서 보러갔습니다 ㅎㅎ 강하늘배우님 정말 연기 잘하시더라고요 ㅎ 사투리가 어색해서 웃었는데 중반부부터 사투리가 들을만해져서 몰립하고 봣습니다!..끝날때 사이다 먹다끝난기분이라 9점!..  
20170220,9,재밌다 특히 정우가 너무멋있다 근데 똥싸다가 끊긴느낌..  
20170220,10,관람객민영이라봐서 재밌었다  
20170220,8,관람객강하늘연기너무잘함..  
20170220,8,관람객검찰이 문제다. 한 소년의 청춘을 잃게 한 죄.  
20170220,9,관람객영화의 엔딩 부분이 다소 아쉬웠으나 주연 배우들의 진정성 있는 연기가 돋보였습니다.  
20170220,9,관람객너무너무 억울 한 마음   믾이 아픔 마음 ㅠㅠㅠㅠ  
20170220,8,관람객재미따재미서~~~~희희  
20170220,8,재밌게 봤습니다. 마지막에 그렇게 끝났다는게 정말 아쉬웠어요..그 장면만 기다렸는데 속 시원하게 끝날줄 알았는데 안나와서 조금 실망했지만 그래도 배우분들 정말 좋은 연기를 보여주셨어요! 감동적이고 괜찮았어요  
20170220,2,그냥 딱 2점이다 재미없다  
20170220,9,"감동적인 영화였고,배우들 연기력이 대단했다지루한틈 없는 영화였다  "
20170220,10,관람객멋진배우들의 연기가졷보인감동적인영화  
20170220,10,주위사람들 모두 훌쩍 거렸습니다. 실제 인물 정말로 행복하셨으면 좋겠네요ㅜㅜ  
20170220,9,잘 봤다. 영화 속 대사들이 이 영화의 의도를 잘 담아낸거 같다. 인상적인 대사들이 많았다. 가슴에 와닿게 잘 완성한거 같다. 정우의 연기가 참 좋았고. 역시 김해숙..!  
20170220,10,내용 탄탄하고 지루함 없이 잘 봤어요엔딩장면이 통쾌함 없이 아쉽게 끝나서 아주조금 아쉬웠네요  
20170220,9,관람객ㅎㅎ재밌엇어요ㅎㅎㅎㅎ  
20170220,10,관람객정우 짱! 울컥하네용 ㅜ_ㅠ  
20170220,10,최고네요...정말...  
20170220,9,관람객무엇을 위해 법이 필요한가.  
20170220,1,관람객너무 재미없어요 진짜 진짜  
20170220,9,관람객정말 재미와 감동을 많이 느꼈습니다.  
20170220,10,관람객정우랑 강하늘 연기 소오름보면 엄청 화나는 내용은 아닌데그시대뿐만아니라 어쩌면 지금도 거짓정보로 들어간사람이 많겟다 생각이든다  
20170220,1,알바 진짜 있는 모양이네영화 보믄서 자긴 처음이다  
20170220,8,관람객마무리가 아쉬운 영화였지만 사실을 바탕으로 부조리에 대한 일침을 가하는 영화였습니다  
20170220,10,관람객배우분들 연기가 엄청나네요ㅋㅋ  
20170220,10,많은분들이 보셨으면!  
20170220,8,관람객돈줄게 합의보자 이런 말이 미안했다 진실한 말 한마디가 더 어려운 세상  
20170220,8,관람객그럭저럭 볼만한영화~~아쉬운게 있다면 큰감동이없는듯...  
20170220,10,진실을 밝히는 영화..기획한 분들 덕분에 진실을 알게되고 관심갖게 되었습니다 정말 대박입니다 ㅠㅠ  
20170220,10,관람객진짜 너무재밌어요 강하늘연기도짱 몸도짱  
20170220,8,관람객실화라서 몰입됐다가  배우들 때문에 드라마인줄  
20170220,10,관람객저는 재미있게 봤어요!  연기력이...ㄷㄷ마지막이 좀 아쉬웠지만 정말재미있었습니다  
20170220,1,"솔찍히 요새 네이버 평점 알바 너무심하다 8,.6짜리영화는아님  "
20170220,4,"쓸데없는 장면들이 너무 많고, 연출도 촌스러움  "
20170220,10,정우 대표작이라 할 수 있을듯... 실제인물 최준영변호사 존경합니다  
20170220,8,관람객재밌긴한대 마지막 결말이ㅣ 좀 허무한듯요 ㅜㅜ  
20170220,1,와 영화 진짜 재미없다... 그냥 강하늘 얼굴 때문에 조금 괜찮지만 영화자체는 진짜 지루합니다..  
20170220,6,제 취향은 아니었어요근데 배우들 연기는 괜찮았어요  
20170220,10,관람객역시 배우보고 보는 영화 내용도 너무 우리나라 현실을 보여준다  
20170220,9,보는 동안 둘의 케미로 정말 흐믓하게 한 영화  
20170220,10,관람객정우 랑 강하늘 진짜 대박이에요ㅠㅠㅠㅠ너무재밌게봤어요!!!! 또보고싶네요  
20170220,8,볼만하다 돈값은한다 실제영화이기때문에 조금더 몰입되더라 ..마지막이 조금허무할듯하는데 재심 받아서 이야기나와서 후련하더라  볼만하다  
20170220,9,관람객잘만든영화다 강자로인해 약자가 피해보지않는 세상이 왔으면  
20170220,10,엄마~김해숙씨 ?생얼~ 연기 대단하십니다~형사?한재영씨 진짜~리얼합니다  
20170220,8,관람객믿고 보는 정우와 강하늘의 연기!!그리고  타인의 인생을 망치고도 뻔뻔한 악마들 !!!  
20170220,10,관람객여운 많이~~~남는 한편의  단편 드라마...  
20170220,9,다른건 모르겠고 배우들 캐미가 너무 잘터지는듯강하늘 인생연기였고정우 역시 너무 잘 어울리는 역활이였음  
20170220,10,이건 진짜 재밌습니다 거짓말못합니다  
20170220,9,관람객강하늘과 정우의 캐미가 좋았던 것 같습니다. 영화 보는 내내 시간 가는 줄 모르고 봤어요!! 마음 아픈 장면들도 있어 눈물이 날 뻔 한건 안비밀..ㅋㅋ  
20170220,1,"역대급 오글거림.  뜬금없는 억지 눈물 연기,  개연성없는 감동(?)멘트에 진짜로 손가락이 무의식적으로  뒤틀려 돌아감.  보면 스트레스로 수명 줄어들 듯.  "
20170220,9,후반부가 좀 아쉽지만 재밌게봄  
20170220,10,관람객배우들 연기 짱입니다!!!  
20170220,10,시간이 아깝지 않은 기대 이상의 영화!  
20170220,10,여운이 깊게 남는 영화 스토리도 좋고 지루한거 없이 빠져들게되는 영화인것같다  
20170220,10,"관람객 약자들의 상처 믿고싶지않지만 실화라니~~ 공직자들의 비리가 없었졌음 하는바램이고, 실존인물 변호사님 존경스럽네요~~  "
20170220,10,연기 최고. 눈물 나게 하는 영화다  
20170220,10,영화가 끝난지 30분째 아직도 영화에서 헤어나오질 못하고있다..진짜 감동적이다  
20170220,10,관람객짱 재밌습니다 하하하ㅋㅋ  
20170220,8,관람객재밌고볼만합니다10자  
20170220,9,관람객정말 재미있게 보았습니다^^  
20170220,10,최고였다. 대한민국 국민이라면 봐야할 영화. 물론 재미도 보장한다.  
20170220,10,"관람객재심,망설일 필요가 없는 영화입니다.강강추^^  "
20170220,7,한재영씨 연기 좋네! 중간에 골프장 인수 얘끼는 흐름을 방해한것 같다  
20170220,5,"컨셉은 좋았으나 스토리에서에 허접함과 연출에 허접함은 이로 말 할수 없다. 나의 한 줄  평은 ""내 인생 최초로 관객 평에 속은 영화""  "
20170220,8,재밌다.. 기대보다 괜찮았음  
20170220,9,관람객담담하게 이야기를 잘 풀어낸 듯한 영화. 젊은 배우들의 연기가 성장해나가고  있다는 것을 확인할 수 있어서 더 희망적이었던 영화. 개인적으로는 더킹보다 더 큰 울림.  
20170220,10,관람객연기력이 다들 너무나 완벽해서 스토리에 완전히 몰입할 수 있었습니다. 정말정말 마음에 와 닿는 영화네요.  
20170220,9,남주 모두 연기가 최고였습니다. 역시는 역시!! 재밌게 너무 잘 봤어요~  
20170220,3,소재는 참 좋으나 스토리를 풀어나가는 과정이 너무너무 ㅠㅜ영화 변호인 생각이 참 많이 나던 영화 입니다.~  
20170220,9,        배우들 연기굿이고 몰입이되서 재밌어요  
20170220,9,"전재산 받아보신적 있으십니까? 제가 이겼습니다. 그 부분에서 돈의 가치가 단순히 액수가 아닌 그 사람의 가치를 지칭하는데,...소름이 돋았다.  "
20170220,8,관람객실화라서 더 집중할 수 있었고 너무 재밌게 잘 봤습니다~  
20170220,1,신선한 해물을 넣어 만든 불어터진 라면 수준. 재심까지가는 과정을 드라마로 만들려는 연출의도는 알겠으나 편집과 캐스팅의 미스. 강하늘은 너무 반듯해서 어두운 과거와는 거리있어보이고 정우는 공익변호사로 변해가는 과정이 어색하다 못해 보는이가 불편하다.  
20170220,10,"정말 기억에 남네요 정우,강하늘 연기력이 대단합니다. 스토리가 슬픈건 아니고 배우들 연기보고 뭉클한  "
20170220,10,영화 재밌게 봤습니다. 그런일이 있었는지 몰랐었는데... 참.. 많은생각을 하게 만드네요.  아무튼 확실한것은! 세상은 아직 살만 합니다! 포기하지맙시다!  
20170220,9,관람객정의가 무엇인지 생각하게 만드는 영화네요^^  
20170220,10,좋았고 감동적이였어요.. 팩트도 살리고 재미도 살리고 그리고 영화보다 현실이 더 생각나 슬펐던 영화!!! 많이들 보세요^^  
20170220,10,관람객기억에남는영화입니다  
20170220,7,관람객좀 지루하지만 나름 재밋어요 ㅎㅎ  
20170220,8,관람객배우들의 연기력이 너무 좋았다  
20170220,10,관람객넘재밌어요!!  결말 재판과정 좀더 나왔음했지만 그래도 재미나네요  
20170220,5,"영화 제목이 재심인데 재판 과정, 무죄받는 과정이 안나와요...찍다가 만 느낌...?  "
20170220,8,관람객잔잔한 감동..여자들이 보기엔 좋습니다.  
20170220,8,연기가 연출을 커버한다  
20170220,8,관람객추천할만한 영화입니다  
20170220,9,관람객역시 실망시키지많는영화입닏ㅏ  
20170220,3,배우들 연기는 다 잘하더라... 근데.. 영화는 그것이 알고싶다 한번 더 본 느낌..  
20170220,6,"<그것이 알고 싶다> 약촌오거리 그 두 번째 이야기.. 인 영화. 가상일지언정... 재심 결과의 승리와, '권선징악'의 결말을 보고 싶었다... 단지 그것이 알고 싶다 프로의 취재를 극화시킨 것 밖엔 없는 영화라 아쉽다  "
20170220,10,정우와 강하늘의 팬이 될것같습니다.. 명연기 정말 잘봤습니다. 약간은 지루할 줄 알았는데 시간가는지 모르게 잘 봤습니다!  
20170220,10,관람객기대안하고 봐서 재밌었어용  
20170220,9,관람객연기력 장난아니네여ㅠㅠ  
20170220,9,영화보고 평점쓰는건 처음...그만큼 넘넘넘 재밌었음!! 배우들 연기력도 쵝오.감동적임.강추강추!!!!  
20170220,9,평론가들은 자기들만의 세상인 칸이나 베를린으로..오락영화에 점수 주면 가오가 삭는다나 어쩐다나  
20170220,8,관람객실화라는게 마음이 아팠네여ㅠㅠ 남자친구가 그렇게 재밌다고 꼭 보고 싶다해서 갔는데 제가 더 재밌게 보고 온 영화입니다 !  
20170220,7,너무 극적이지 않고 담담하게 실화를 담아내서 좋았습니다.  
20170220,8,관람객재심 기대안하고 갔는데넘넘 재미있게 봤습니다^^!@  
20170220,9,관람객배우들의  연기 가   압권~ 추천해  주고 싶은  영화~  
20170220,6,그저 재미있는 영화이다 라고만할수있습니다감동적이지않구요  저정도 연기력의 배우들을 써서 이런영화를만든 감독의 무능력에 감탄합니다  
20170220,9,관람객이게실화였다니....  
20170220,10,주연들 연기 너무 잘하신다는 생각^^보다 보면 넘 열받고 형사들 패버리고 싶은 느낌한사람의 인생을  자기들이 다 망치다니ㅜㅜ  
20170220,9,관람객처음에는 화가나고 열받고. . .  그래도 정의는 있었기에 울컥했으나 감동스러워습니다. . .  
20170220,8,다른 건 다 차치고 강하늘 정우 연기 압권!!!!  
20170220,8,관람객생각보다  감동은 없었음  늘 그런 장르는  뻔한스토리  
20170220,10,배우들 연기참 잘합니다!!!  
20170220,8,줄거리는 뻔한데 실화란 점으로 관객 몰이시키고  배우들 연기로 커버치는 한국영화..  
20170220,10,우리 회사 사람들과 꼭 같이 보고싶은 영화네요...^_^ 기대됩니다.  
20170220,10,관람객멋있었던 영화라고 생각이 듭니다.  
20170220,10,"보기전에 평점보고 정우, 강하늘 팬들위주로 평점 줬다 생각하고요새 볼건 다봐서  볼게없어서   기대도 안하고 봤다.생각보다 훨씬재밌었다   결말이 허무다하는 사람들도 있는데결말도 재밌고  몰입도 잘됨  "
20170220,7,솔직히 영화보단 그것이 알고싶다로 보는게 더 잼있다  
20170220,8,관람객그저그랬습니다보다누바보노나  
20170220,8,관람객배우들이 실감나게 연기해서 잘 봤습니다  
20170220,10,처음 이 사건 접했을 때가 생각났어요. 정말 안타까운 이야기.  
20170220,7,관람객정우와 강하늘 연기 잘봤어요 스토리도 좋고 재미있네요  
20170220,9,재미있게봤어요! 연기잘하고 실화바탕 화가나고 뭉클한 내용이였어요  
20170220,9,기대이상그저그런.소재의영환줄 알았는데강하늘씨 잘생긴거 또확인하고담배피는장면웃겻음 ㅋ  
20170220,10,꼭 보셔야 됩니다말이 필요없는 영화 입니다  
20170220,7,나오는 사람들 보니 잼잇을듯..  
20170220,9,관람객배우들의 연기가 좋았습니다  
20170220,9,관람객배우들 연기가 좋았어요그 덕분에 몰입도도 좋았어요  
20170220,10,보는내내 안타까움이..우리나라의 현실을 그대로 보여주니 씁쓸했다 돈과 빽 그리고 권력. 이 모든 힘 앞 에서  처절하게 어린소년의 인생을 짓밟히는 현실.실화하는 점이 더욱 가슴이 아팠다.  
20170220,10,재밌어 요  다들 보시면 좋겠어요  
20170220,6,생각보다 재밌진않네요ㅎㅎ  
20170220,7,그럭저럭...머...  
20170220,10,정우하나 보고 봤는데 후회없었던..  
20170220,9,관람객영화 몰입에 배우들 연기도 굿굿!!  
20170220,10,최최고 영화! 역시 강하늘 정우  
20170220,9,관람객재심 감동적인 영화 마지막이 좀 안타깝네요  
20170220,8,"관람객그래도 아직,정의는 살아있다  "
20170220,8,관람객강하늘 연기잘하네 법?..법!!!!?  
20170220,9,관람객정말 알게 모르게  있는자들권력자들 횡포에 억울한사람이 많을듯 권력자들이여  서민을 위한 정치 부탁드려요  
20170220,10,관람객굳굳 재밋네요  굳굳 재밋네요  
20170220,8,관람객재미가있었다....져았다  
20170220,8,관람객남자친구랑 둘이 재밋게 잘 봣슴당  
20170220,8,"관람객실화라는 사실이 더 이펙트가있었고, 보는내내 슬퍼서움...ㅠ  "
20170220,2,그것이알고싶다가 영화보다 낫다.. 사건의 디테일이 너무 떨어져서 실망스럽고 지루하기만... 좋은소재가지고 이정도밖에 못만들다니..  
20170220,10,영화 보는내내 너무 감동이였고 꼭 봐야할 영화예요!!!강하늘배우 정우배우 연기 너무 멋있어요!!재심 천만까지 고고!!  
20170220,8,관람객주말 마지막날 잘 봤습니다~  
20170220,10,정말 꼭 봐야할 영화입니다~~  
20170220,2,이렇게 뻔한 영화는 또 오랜만이네 노잼  
20170220,7,앞부분을 너무 탄탄 하게 하느라 마무리가 아쉽네요 ㅎㅎ 기대 많이 한 작품이라 그런지 살짝 실망이에요  
20170220,10,관람객연기잘해용 ㅠㅠ같이울엇어요  
20170220,10,그나마 지금의 시대에 살고 있는 것에 감사하고 오랜만에 마음이 찡한 영화를 봤습니다. 최근 본 영화들중 단연 최고네요. 연기도 좋았고 끝장면에서 여운이 오래가는 영화입니다. 영화를 보고 나니 사람이 느껴져서 기분이 좋으네요~ 정우 강하늘 모두 연기짱~  
20170220,10,정우 강하늘 이외에도 배우들의 연기가 정말 좋았습니다. 눈물을 강요하지 않아서 먹먹한 여운이 많이 남는 영화인 것 같네요. 영화가 실제 사건의 재판이 열리는 과정에 좋은 영향을 준 걸로 알고 있는데 그래서 이 영화를 더 응원합니다.  
20170220,10,관람객너무 감명깊게 봤습니다  
20170220,10,배우들을 보고 영화를 관람했지만 내용에 한번 찡하고 연기에 한번 더 놀란 작품.  
20170220,10,우리 사회에서 약자의 편에서 서서 처리하는 걈명깊은 영화입니다..  
20170220,10,관람객너무 재밋엇다 정말...  
20170220,9,연기는 굿! 스토리는  좀 더 꽉 짜여졌다면 완벽한 영화였을 것 같은~ 저런일이 실제로 있다니 믿어지지 않아요.  
20170220,10, 배우들의 명연기가 관객 모두를 울렸다. 이 영화를 많은 분들이 보고 함께 감동하기를 바란다 ㅠㅠ  
20170220,7,영화제목이 재심인데 재심시작할때끝남ㅠ 그게넘 아쉬움  
20170220,2,"관람객왜 별점이 높은지 모르겠음...같은 장면 여러번 반복 재탕에 봤던거 또보고 또복...고구마 100개 먹여놓고 두줄로 끝내는영화결말이 너무 ㅋ왜이래요? 겁나 억울하게 만들어놓고 ""무죄판결받음""자막으로 끝  "
20170220,9,이거보는 내내 계속화가나네요실화라는데 당사자는 얼마나 그형사새끼랑 판사새끼를 죽이고 싶었을까요 우리나라 정말 노답저런사람들 썩은OO 어떻게 보상해주나요  
20170220,10,꼭보세요....지루함이 없는영화  
20170220,9,사회의 시스템이 얼마나 중요한지 잘 알려 주는 영화 그리고 배우는 연기를 잘 해야 한다는 것을 잘 알려주는 영화  
20170220,10,관람객배우들 연기 너무 잘하네요ㅋㅋ  
20170220,4,"배우들 역할의 강약도 애매하고, 장르도 애매하고,,,간판화려해서 기대하고 들어가서 별거 없는 밑반찬에 특별할것 없는 메인음식 먹고 나온 느낌.. 명연기다 진짜...진짜는 댓글 명연기다..진짜.  "
20170220,10,관람객배우연기가 정말좋았어요!!  
20170220,7,생각보다 별루.. 배우들 연기력음 진짜 인정하는데 완전 잘해요!! 그런데 스토리가 진부하고 그냥 그럼..킬링타임용으로 적당한듯;;  
20170220,7,배우들 연기가 굿굿 근데 결말이 아쉬움  
20170220,9,관람객재미있어요.좀 질질끌어요.  
20170220,10,관람객실제있어ㅛ던일이라. 더 흥미진진하게봤어요  
20170220,9,관람객여러모로 재밌게 잘 봤습니다  
20170220,9,관람객2시간이 전혀 지루할틈이 없었던 영화!  
20170220,9,대한민국의 실태.. 씁쓸했다  
20170220,5,관람객한국영화는 주연이 8할이구나....  
20170220,8,관람객두 배우의 인상깊은 열연  
20170220,10,연기 최고!  못하는 사람이 없어 좋다  
20170220,4,평정높아서 봤는데 노잼. 보는내내 지루했고 그알이 더 재밌음  
20170220,10,관람객정우 강하늘 주연부터 형사들까지 모든배우들의 연기 최고. 기대했던 재판 장면이 없었는데도 재미있던영화  
20170220,8,"관람객꼭 볼 만한 영화!  내용, 연기력, 구성의 조합  "
20170220,6,관람객긴장감도 몰입도도 없었슴  
20170220,10,관람객 존나재밌는영화입니다ㅜ개대박  
20170220,9,관람객10년동안의 옥살이는 ㅜㅜㅜ..ㅇ.  
20170220,9,실화를 바탕으로 사법계의 뿌리깊은 오만과 자만심을 잘 표현한 영화...  
20170220,5,내용에 1 점 연기에 8점드립니다.  
20170220,8,갑작스럽게 끝나는 부분이 있지만 연기는 good 내용도 not bad  
20170220,9,"관람객실제로 이렇게 억울한 누명을 쓰는 사람이 많다고하니 보는내 화가 치밀었습니다. 정확하게 일을 처리해야하는 형사 검사가 최악이니,, 다시는 저런 억울한 일을 당하는 사람이 없기를 바래봅니다. 마지막 실제 변호사분 나오는데 더없이 멋있어 보였습니다.  "
20170220,9,뒤로갈수록 살짝 루즈해지기는 한데 그래두 첨부터 끝까지 몰입도있게 봄~ 강하늘 연기가 좋았음~  
20170220,6,관람객다큐같은영화 약긴 지루함  
20170220,10,좀 급작스러운앤딩....아쉽 그래도 연기가 좋아서 몰입은 최고  
20170220,10,영화라고만 치부할 수 없는 이 현실이 개탄스럽다. 이렇게 조금씩이라도 후세대를 위해 정화가 되어가길 바랄뿐.. 좋은 영화였다.  
20170220,10,여운이 깊이 남는 영화....  
20170220,10,역시 정우다 란 말이 나온다 ㅋ 연기력은 더할말이 없고 내용은 실화를 바탕으로 처음부터 눈을 뗼수가 없었다는점 과 대한민국 사법부 경찰 형사 모두 내가 느끼던 답답함 억울함 속에서 나오는 울화 모두를 감동적으로 녹아내리게 했다. 이런일이없기를..  
20170220,10,관람객질질 끌지않고 몰입도있게 관객을 쪼여준 영화!  
20170220,10,관람객연기도 좋고 재밌게 잘봤습니다  
20170220,10,다시는 이런일이 없기를 바라면서 본 영화...  
20170220,1,변호인 다시보니 정말 명작이라는 생각이 드네요. 변호인 처럼 잘되고 싶었나? 한참 못미치네요-_-; 시간과 돈이 아깝다  
20170220,9,"형사로 나오는 ""악역"" 주연과 전체내용을 빛내기에  충분....""개 악연 전문가로 인정""   진짜 동래 양아치인줄 알았음...ㅎㅎㅎ  "
20170220,8,관람객흠...재밌었지만 다소 아쉬웠다  
20170220,7,관람객적당히 볼만합니다.보고나면 특별히 기억나는건 없습니다.  
20170220,10,불편하지만 봐야하고 분개할수밖에 없다. 진실을 마주해야할 지금시대에 꼭 봐야하는 영화이다. 그들이 어떻게 우리를 대했는지에 대해 뼈져리게 느끼고있다.  
20170220,9,"관람객전부 연기천재,, 실화에서 크게 다를게 없다는게 충격이에요  "
20170220,10,관람객배우들의 연기가 너무 좋았어요.  
20170220,9,관람객우리나라의 현실을 보여주는 영화였다  
20170220,8,관람객배우들 연기력 넘 조아요^^  
20170220,8,관람객영화는 깔끔합니다! 연기력들이 진짜 죽여주네요. 물론 실화를 바탕으로 각색이 많이 된 것이지만 요즘 세태를 잘 보여줍니다... 정말 짜증나고 싫은 요즘 코리아입니다  
20170220,10,스토리가 빈약한 부분이 없지 않아 있지만 연기자들의 연기가 그 부분을 꽉 채워주고도 남는다. 정우연기 압권이다. 곳곳에 위트가 있고 몰입감 좋았다. 개인적으로 가장완벽하고 깔끔한 결말이라 생각한다. 이 영화는 법정드라마가 아닌 휴먼드라마이기에.  
20170220,10,재심 영화 감동적으로 봣다 이땅에 억울하게 옥살이 하는 사람들이 있을것이다 반드히 없어져야 할 사회악  범죄자 만든 인간들 모두 벌을 받고 살인의 누명을 벗은 분도 포기하지 않고 끝까지 싸워준 변호사님께 감사 드리고 강하늘 정우씨의 연기도 최고였음  
20170220,9,관람객감동적입니다.이 영화를 통해 더 이상 억울한 피해를 당하는 일이 없기를 바랍니다  
20170220,10,정우연기잘함...소름돋는다  
20170220,5,오토바이 타면서 담배에 불 붙이려는 장면 나만 이상했나...    강하늘 연기 잘하더라...   정우는 대사가 너무 오글 거리고  
20170220,7,관람객마지막이 뭔가 아쉽네요  
20170220,4,감동적이긴한데 넘 잔인함  
20170220,10,관람객연기도 좋고 재밌네요ㅎ  
20170220,10,전라도에서 발생한 강압수사를 바탕으로 전라?? 까기위해 만든 지역감정 조장 영화.  
20170220,5,무분별한 욕설은 흐름에 방해가 되고변호인처럼 법정장면이 있는게 아니라재심을 진행하기 전까지의 과정을 그리고 있음정우 바람 이후로 첨봤는데 자주 봤으면 좋겠음마지막은 감동이었음  
20170220,10,관람객끝이너무 아쉽습니다.. 변론이라도멋지게하는게나왓으면하는..  
20170220,10,"와..진짜실화라더감정이입되는데,연기까지진짜죽이고진짜징짜감명깊게잘봤습니다.슬프기도하구.울화통잘터졌습니다!!꼭봐야할영화.정먈ㅜ!!강하늘,정우님진짜더조아졌어요♡형사역연기실제글케생긴양치존재.허세쩔정말꼴불견#이나라돌아가는꼬라지는예전이나지금이나늘헬조선ㅡㅡ;!  "
20170220,10,정의구현 ...저런 분들이 더 많았으면 싶습니다. 정우랑 강하늘 그 외 조연배우분들 연기 장난아닙니다 ㅎㅎ  
20170220,1,평점에 속은잼 없는 영화.ㅡㅡ  
20170220,9,음 진짜 연기끝내주구요.어찌 그리잘할까 마지막에 조금 아쉬웠지만절대 안보고지나칠수없는 영화  
20170220,6,조작된 도시보고 봤는데 무거운 영화라 보는내내 몸까지 힘이 들더군요.영화는 좋은데 시국이 이래서 그런가 스유쾌 통쾌한 액션영화 조작된 도시가 좀더 볼만했습니다  
20170220,8,관람객잘봤습니다 . 보내는내내 답답한 마음이였네요 알려져야할사건을 영화로 잘 다룬것같아요  
20170220,9,관람객재밋아요 강추 ㄱ ㄱ ㄱ 보세여  
20170220,9,관람객우리사회의 단면을 보여주는것 같아 씁쓸했지만 삶의 방향을 다시 생각하게 만드는 자극이 되었다  
20170220,1,재미잇고감동잇고평점높고 마무리가없어서 1점드립니다  
20170220,1,ㅋㅋㅋㅋ그래가족이랑 이거 투탑으로 평점을 보고 웃음밖에 안나온다 정말  
20170220,6,약간 아쉬운 영화ㅠㅠ마지막 사이다 부분을 좀 재밋게 살ㄹㅕㅅ으면ㅠㅠ재판 장면 보고 싶엇는데 그냥  끝나버리고ㅠㅠ좀아쉬운영화ㅠㅠ  
20170220,8,"진실은   규명되고  정의는 살아있는..,  "
20170220,8,최저예산영화인듯 하지만 배우들의 연기가 일품~ 특히 주연인 정우의 연기가 최고~ 실화배경 자막으로 대신하긴 하지만 정우가 끝까지 변호사로서 결말을 마무리 하지 않아서 중간생략한듯한 아쉬움이 남습니다~  
20170220,10,휼륭한연기.다시한번 살면서 중요하고 지켜져야할게뭔지생각되는영화였습니다.  
20170220,10,최고의영화..다시보고싶은 영화네요..  
20170220,10,관람객진짜 너무너무 멋있었어요  
20170220,1,"평점 내립니다. 왜 영화를 만들다 마는건지...재판도, 배신도, 정의감도, 신파도, 감동도 모든게 어정쩡... 덕분에 공조만 오래갈듲  "
20170220,10,관람객다 좋았다. 슬픔 분노가 믿음으로 변하는 강하늘과 가식이 진심으로 변하는 정우. 그리고 간간이 들어간 정우만의 유머. 2시간동안 배우와 함께 분노하고 슬퍼한 영화였다.  
20170220,4,"뻔한 내용, 뻔한 스토리, 뻔한 연기  "
20170220,7,관람객잔잔한 감동 정우 머싯져 강하늘 연기 좋습니다  
20170220,9,볼만했음 10점만점에 9점  
20170220,9,관람객지루하지않고 연기력들도 좋았으며 감동도 있어서  더  좋았씀  
20170220,9,관람객실화를 바탕으로 한 영화라 더 감명깊게 봤습니다  
20170220,10,재밌어요재밌어요재밌어요  
20170220,7,관람객마무리가 조금 아쉬웠지만 나쁘지 않은 작품  
20170220,8,관람객영화 재심  연기력최고!  
20170220,9,관람객다시 생각을 하게 해주는 영화였다  
20170220,10,실화가 아니였다해도 잼난 영화!!!!배우들이 실존인물들 이 아닐까??라는 착각이들게 함. 주연 조연 단역들까지 다들 싸그리 연기쩐다!!!전재산 받아보셨어요   제가 이겼네요~~^^  
20170220,7,뜬금없는 부분에서 타임워프. 연출이 너무 산만함. 그래도 배우들의 연기와 실화를 바탕으로 한 내용 때문이라도 볼만한 영화  
20170220,10,최고 !!!! 명작 이다  
20170220,1,관람객감동적이에오 이런영화처음이에오  
20170220,10,뻔한 이야기라 잼없을줄 알았더니 시나리오가 넘 좋다. 최고  
20170220,10,관람객마지막 아쉽다 덜닦은느낌  
20170220,10,관람객재밌어요 ㅎ ㅎ 배우들 연기 잘함  
20170220,10,보는내내 찡하고 속상하고그랬어요너무답답하고 연기들을잘하셔서 재밌게봤어요~  진짜실제잇엇던분은얼마나억울했을까생각이들더라구요  
20170220,10,"감동받았다, 억울한 피고인 무죄선고받았다로 끝나서는 절 안 된다 그 당시 권력과 출세에 눈 먼 검사 형사들 모조리 잡아쳐넣어야한다 개만도 못한 ㅅㄲ들.. 핵심형사 한 명은 죄책감으로 저 세상갔던데 꼴좋다 디지셔서^^  "
20170220,4,좋은재료로 음식을 맛없게만든느낌의 영화...이시국에 꼭 봐야할 의미있는 영화지만영화의 전개나 특히 마무리가 아쉽고 지루햇던 영화 ..조금만 더 완성도를 높였더라면..개인적으로 참 아쉬웠던 영화  
20170220,10,관람객법공부하는사람들이라면 알거다 경찰의 강제수사  실태를  
20170220,8,와... 우리나라 부조리가 다 이렇게 해결되면 좋겠다....정우연기 너무 좋아쓰요ㅜ  
20170220,10,정우 연기 와...할말이 없다  
20170220,9,재심 다시한번 누군가에는  주어져야하는 영화  
20170220,5,관람객괜찮아여.시간되믄 보세여  
20170220,10,"진짜 이 영화는 그냥 봐야 되는 영화다. 이 영화를 보면서 느낀것이 이런 억울하고 분한 사건들이 영화로 또, 대중매체로 많이 알려졌으면 좋겠다는 것이다.  "
20170220,10,관람객재미있어요재미있어요  
20170220,10,관람객감동도 있고 교훈도 있고..2시간이 알찬 영화였습니다. 아직 안보신 분들 꼭 보시길! 추천!!!  
20170220,10,한번봤으면 합니다 재밌게 잘 봤습니다  
20170220,10,재밌다10자이상 쓰래서 쓰는데 진짜 재밌다진짜라고  
20170220,9,관람객재밌게 잘 봤습니다 :)믿고보는 연기라 줄거리에만 집중했네여ㅎㅎ  
20170220,8,관람객노쟴이에요 개노잼~으악  
20170220,10,진짜 조작된 도시 버리고 제발 이거봐라...  
20170220,7,관람객배우들연기는 좋았으나 스토리는. . .  
20170220,10,몰입해서 봤어요 마음이 참 아프네요 저런일이 다시는 안일어났음 합니다  
20170220,10,전재산 받아본적 있으십니까. 제가 이겼습니다.  
20170220,10,솔직 평점 9+1점임...(도입과 중후반부 연출과 연기력 그야말로 100% 완벽~ 결말이 임팩트 없음) 물론 실제 판결 결과가 안 난 상황에서 영화 제작이 쉽지는 않았기에 이해함.. 내가 감독이었음 결말 부분만 다시 손봐서 재개봉했으면 하는 소원임.  
20170220,9,관람객실화라니..감동적이다~^  
20170220,10,자극과 긴장이 중요하시다면 포르노를보세요작품성은 뛰어나다고봅니다  
20170220,10,배우분들 연기가 너무 뛰어나서 계속 감정이입 돼서 여운남고 분하고.. 10점도 부족합니다.  
20170220,10,관람객정우의 연기가 매우 인상적이었다.정우의 눈빛에 관객을 영화 속으로 끌어들이는 강력한 중력이 존재함을 느낄 수 있었다.  
20170220,10,진짜 연기너무너무너무너무 대박입니당 정우오빠짱 덕후됐어용  
20170220,10,관람객너무나도 몰입해서 보았습니다.사실 이런 장르의 영화는 많지만 그 어느 때보다관객들의 가슴을 울리네요.  
20170220,10,관람객재미지당~~추천추천 강하늘잘생김연기잘함  
20170220,10,관람객근래 본 영화 중 제일 좋았던 영화.배우들의 연기까지 짱!  
20170220,4,지루... 그나마 실화라 4점....  
20170220,9,관람객실화라니재밋어요 어서 대한민국에 법앞에 모두가 평등한 나라가 되었우면 좋겟어요  
20170220,9,관람객답답함과 안타까움에 비해 통쾌함이 부족해 뭔가 볼일보고 뒤 덜닦은 느낌  
20170220,8,관람객재밌어요 배우들 연기도 좋구요  
20170220,10,한국최고의 연기배우 정우가 나오는 거면 믿고 본다  
20170220,10,관람객재밌어요 집중해서 봤네요  
20170220,10,관람객재밌어요!! 배우들 연기 진짜 잘하구 완전 감동적이네욥  
20170220,10,부익부 빈익빈.. 2시간에 헬조선의 모든 것이 들어있네요.. 몰입도도 최고. 정말 잘 봤습니다.  
20170220,10,관람객정우랑 강하늘 연기력에 감탄함 특히 정우가 개쩐다  
20170220,9,10점이 아깝지 않지만 재판을 풀어나가는 장면도 잇엇으면 햇다 최근에 본 영화중 이렇게 집중하고 슬퍼한 영화는 오랜만이다 우리 나라 영화에 감동받는건 사회를 반영햇을때인것이 너무 아쉽다  
20170220,10,몰입도와 정우 하늘 연기 극강  
20170220,10,관람객넘 잼있었어요.사호에 저런 나쁜사란들은 없어지기를  
20170220,5,관람객결말이 판결나는과정 이런게 있었으면 좋았을텐데하는 아쉬움이있네요  
20170220,10,즐겁고 재밌는 영화가 아닌 사람에 가슴을 뭉클 하게 해주는 영화다! 배우분들의 연기력이 정말 뛰어난 걸 알았고 이 사건에 실제 주인공이 행복 하게 살기를 바라는 마음이 강해지는 멋있는 영화 였다!  
20170220,10,관람객재밌었어요 끝은조금아쉬웠어요  
20170220,7,관람객이 사건을 그것이 알고싶다에서 보긴했습니다실화를 바탕으로 한 영화라 엄청난 기대를 하고 봤는데 .. 조금 지루한 것도 있고 .. 그랬습니다  
20170219,10,그미유아니지라니니내타  
20170219,10,관람객너무 재밌게 잘봤습니다. 배우들 너무 멋있었습니다.촬영중 재심에 승소하셨다니 정말 너무 기뻤습니다.실제 인물 소식도 전해주셔서 감사하고 언제 어디서나 항상 행복하길 바라겠습니다.  
20170219,9,관람객울와이프는 감동 받아서 울데요정우연기 넘멋쪄요~  
20170219,10,결말은 그래도 전체적인 내용은 굳  
20170219,10,관람객굿 갠찮은내용 영화 ㅋㅋ좋앗네요  
20170219,9,관람객재밌었네용 ㅋㅋㅋ가족 친구 연인이랑 보며뉴좋은거같아요  
20170219,10,관람객괜찮은 내용의 영화였어요 추천해요  
20170219,5,관람객결말이 너무....허무...  
20170219,9,그것이 알고싶다에서봣을때도  진짜 욕하면서 봣는데..참 안타깝다..이런 현실이  널리널리알리길  
20170219,8,관람객제목은 식상한데 영화는 재밌네요정우 강하늘.. 지루할 새가 없어요^^  
20170219,8,조금은 무거울수 있는 내용을 보기편하게 만들어 좋았다. 끝 마무리가 조금은 아쉬운듯.  
20170219,9,굿입니다 남들한테 추천해줄만한 영화입니다  
20170219,9,관람객흔한 주제임에도 스토리전개가 잘되었음.지루하지 않게...  
20170219,9,배우연기 그리고 시간가는줄모르고봄ㅋ  
20170219,10,관람객배우들 연기가 아주 좋았급니당 몰입해서 볼수있었어룔  
20170219,10,관람객ㅠㅠ진짜 배우분들의 연기에 빠져서 영화가 금방 지나갔습니다..실화를 바탕으로 한 이야기라니..ㅠㅠ너무너무 마음이 아팠습니다..  
20170219,10,"정우와 강하늘의 조합은 말할것도 없고 조연들의 연기또한 좋았습니다, 개봉전부터 기대하고 있었던 영화인데 역시 기대를 저버리지 않았어요, 감동이였습니다  "
20170219,9,관람객꿀잼슯퍼여 힝꼭보세여  
20170219,10,관람객실화라니 충격이네요 점점  
20170219,10,관람객정우님강하늘님김해숙님의연기를볼수있어서정말행복했습니다.연기만봐도티켓가격이절대아깝지않네요.실제스토리에배우들의연기가대단합니다.이동휘님김소진님민진웅님나오셔서반가웠구요.경찰역으로나온한재영님연기가보기가불편할정도로감정이입되네요.정말살인충동을느낄정도예요.추천합니다.  
20170219,10,배우들 연기 덕분에 몰입도가 좋았습니다!!  
20170219,10,이런거 처음 남겨보는데 정말 재밌습니다.. 많은 생각이 드네요 ㅠㅠ  
20170219,9,관람객어둠은 빛을 이길 수 없다. 배우들의 감정연기 덕분에 몰입하여 다소 무거운 내용의 영화였지만 지루하지 않게 관람할 수 있었습니다~많은 분들이 봤으면 좋을 것 같아요!  
20170219,10,기대안하고봣는데 재밋음ㅋ  
20170219,6,관람객배우들의 연기는 대단했습니다!!근데 스토리상의 개연성도 떨어지고한편으로는 억지감동도 짜내는 거 같았습니다..  
20170219,7,"관람객""드라마""라는 종류에 따라 잘 만들어졌고  정우,이동휘 씨 특유의 물흐르듯하는 자연스러운 연기 케미도 볼만 했다. 그러나 전개 면에서는 검사 측의 비리를 보여준다고 넣은 듯한 요소가 불필요하단 생각이 조금 든다. 김해숙 씨와 강하늘 씨의 케미 굿!!  "
20170219,10,관람객박준영 변호사님에게 진심어린 감사인사 드립니다.  
20170219,10,관람객강하늘 연기 최고...  
20170219,10,재밌어요 연기 짱짱맨ㅋㅋ  
20170219,9,"지루하지 않게 흐르는 연출과 연기력, 볼만했음  "
20170219,10,"보는내내 가슴아팠다,,꼭봐야할영화같다.썩어먹은 형사 변호사 검사 뿌리를뽑아야한다.  "
20170219,10,재미있는 영화라기 보단 우리들에게 많은것을 일깨워준 영화라고 생각합니다. 배우들의 연기력도 좋아서 몰입도도 높았고 특히 형사들에게 다시 돌아보는 의미로 모두 보여주었으면 좋겠습니다. 이 영화를 보여주는 것만 으로도 많은 교육이 될듯 하네요  
20170219,10,관람객감명있게 잘봤어요 ! 슬퍼요  
20170219,10,"""헬조선보다 지옥이 낫다. 지옥에선 죄지은 만큼 벌 받잖아"" .... <재심>중에서. 누구를 손가락질 하기보다, 이 영화의 모습이 곧 우리의 단면이라는 것...  ""누구를 위해 존재하는 법인가..?!"" 정의와 공의가 강물같이 흘렀  "
20170219,8,관람객진행이 조금만 더 빨랐으면 하는 아쉬움이....  
20170219,10,최근에 본 영화중 최고의영화  
20170219,9,관람객기대안하고 봤는데 재밌어요!!마지막에 끝맺음이 조금 어색하긴했는데그래도 재밌게봤어용실화라는 사실에 안타까웠어요ㅜㅜ  
20170219,10,관람객생각보다 괜찮네여 돈값을합니다  
20170219,1,시즌1이 증거수집이었으니 시즌2를 기대  
20170219,8,관람객영화가 끝나고 제일 기억에 남는장면은....꽃게라면입니다...아!같이잇던 낙지두요라면먹으러갑니다^^  
20170219,10,슬프지 않아서 더 슬픈 영화...  
20170219,10,관람객너무 감명깊은 영화였습니다 실화라고해서 더욱더 몰입되고 슬프고 안타까웠습니다 ㅠㅠ 정우 하늘 연기넘넘잘해유  
20170219,9,정우 강하늘 연기 정말 좋았고 마무리 얘기하시는 분들 많은데.1갠적으로 재심 가기위한 과정을 보여준것도 괜찮았어요!!무튼 재미 있었네요  
20170219,10,배우들연기가 최고네요. 누구하나 빠짐 없습니다. 제 남자친구는 소름돋는다고 계속 말하네요.추천추천 앞에앉은 술취한아저씨만 아니였다면 더행복했을듯 ㅎ  
20170219,10,우리가 이 시대에서 진정 무엇을 추구하며 살아가야 하는지를 알게 해 주는 영화.  
20170219,10,"영화의 완성도에선 10점에 못미치는지는 몰라도진정성에선 10점 그이상이라본다질풍노도의 10대후반 남자를 가까이에서 봤다면그의 가족 그의친구 본인이라면 얼마나 가슴아픈 사실일까 누구에게나 인생은 한번뿐인데,그만큼소중한데말이다  "
20170219,10,"관람객감동적인 영화,결말이 조금은 아쉬웠지만 재미있고 시간가는줄 몰랐습니다!!  "
20170219,9,"관람객좋은 영화 입니다 , 재심 같은 영화가 많이 나오면 좋겠습니다  "
20170219,10,간만에 영화다운 영화를.보았습니다.실제이야기를 영화로 만들어 냈다고 그 심정 다 알수없는데 배우들이 잘 살려주시고 정말 영화가아니라 실제 상황을 보는듯 억울하기도하고 화도나고 슬프기도하면서 마지막엔 통쾌히기도했어요.끝까지 긴장감을 놓을수가 앖었습니다  
20170219,8,관람객조금 지루할수도 있구요 실화라서 재밋는거 같아요  
20170219,10,관람객연기도너무너무잘하시고 최고였습니진  
20170219,10,감동그자체! 강추합니다  
20170219,10,관람객흠..이시대에맞는작품인거같네요  
20170219,10,관람객탄탄한 스토리! 긴장감 있네요~  
20170219,8,관람객마지막에 정의로운 응징을 했으면...  
20170219,9,관람객배우들 연기 좋고 재미 있음  
20170219,10,관람객진짜 재미있습니다 후회 안하네요...  
20170219,9,배우님들의 명품연기!!!! 오랜만에 여운이 있는 영화였습니다!!  
20170219,9,관람객재미있네요~괜찮았어요  
20170219,10,SBS 그것이 알고싶다 방송에서 다루었던 억울했던 사건. 무죄로 잘 마무리짓고 이렇게 영화로도 잘 만들어서 넘 다행이다. 엔딩이 기존의 엔딩방식과 좀 달라서 식상하지 않았다.  
20170219,8,관람객다시 한번 생각해볼 수 있는 시간이였다  
20170219,10,관람객진짜화나는데! 어떻게 할수가없네요배우들 연기 소름이에요 너무 잘봤어요  
20170219,3,내용 지극히 진부하고 거기다 배우까지 영화를 못 끌어감. 변호인 유아용 버전 영화보다가 시계 29번 봄  
20170219,8,관람객8점 초반 정도가 적당한것 같은데.  
20170219,10,"진짜 좋았음. 연기구멍도 없었고, 정의란 어떤것인가, 변호사의 의미에 대해 다시 한번 생각하게 되었다. 실화를 바탕으로 해서 그런지 더욱더 뭉클했다.  "
20170219,10,강하늘 정말 명연기를 보여줬습니다.이미 알고 있는 내용임에도 긴장감있는 전개를 펼쳐주셔서 재밌게 볼 수 있었습니다. 강하늘은 정말 앞으로가 더 기대되는 배우네요.  
20170219,10,믿고봐도되는가요? 더킹보고 지루해서 비슷한소재로 살인누명을쓴주인공이 사건을밝히는한국판헐리우드급액션물차떄려부수는조작된도시보고왔는데..알바들말고 솔직한관람평요..지루한건별로라  
20170219,10,오랜만에  추천하고싶은 영화 배우들의 노력이 다 느껴지는 영화였습니다  
20170219,9,관람객다들 연기너무 잘하시고 재밌어요 .. 다시한번 생각하게되는 영화같아요  
20170219,10,정말 재밌습니다 이게 실화라는게 상당히 놀랐네요. .정우님과 강하늘님의 연기 진짜 대단했습니다. 정우님은 제가 바람이랑 응사보고나서부터 젤 좋아하는 배우신데 바람2도 기대합니다~  강하늘 님은 진짜 동주  때부터 참 좋았는데 이번역 참 인상깊었습니다  
20170219,9,관람객정우의 연기는 매우좋았다.  
20170219,6,관람객기대한영화는 역시 실망을....  기대보다 싱겁고그냥그랬던.. 정우가 조아서봄  
20170219,9,관람객재미있었다아아ㅏㅏㅏ  
20170219,10,"역시 정우, 강하늘!! 가슴 졸이며 봤네요  "
20170219,10,김하늘 연기정말 잘하는듯... 갯벌앞에서 오열할 때 정말로 몰입한게 느껴져서 나도 울컥했다  
20170219,4,강하늘과 형사의 연기는 좋았으나 정우와 이동휘는 응답하라의 웃기는 이미지 때문인지 변호사의 감정이입이 잘 안됐다. 그리고 뭔가 억지감동을 주려는 느낌이 불편했다.  
20170219,10,거짓은 참을 이길수 없다~~~(차인표씨 왈) 그러니 여러분 모두 화이팅 대한민국은 죽지않는다!!!!  
20170219,10,하나도 모자란게 없는 영화....정우와 강하늘의 연기는 정말 최고다..  
20170219,8,"감정이입 질되고, 연기자들 훌륭하고, 실화라서 더욱 감동적인 영화.. 쓰레기 경찰연기하신분 진짜 와.. 때려죽이고 싶게 연기 잘하심 ㅋㅋㅋ  "
20170219,7,연출이 조금 아쉽다. 그냥 그저그럼....  
20170219,10,오늘 보고왔어요. 대한민국의 현주소를 보는거같아 씁쓸합니다.  
20170219,8,관람객나름 유쾌 부분도 있었고 반전도 있고 괜찮았다  
20170219,8,딱 15세 관람가를 겨냥한듯한 느낌그배우들의 연기력에  작품이 좀더 난이도 있었어도  훌륭했을듯  
20170219,8,관람객재미있게 봤습니다^^  
20170219,10,관람객너무너무 재밋게 잘 봤습니다 정말 보면서 너무 몰입하면서 본것같아요 다들 연기도 너무 잘하시고 보면서 되게 울컥했다는...  
20170219,7,기대를 많이해서그런지 그럭저럭이였음  
20170219,10,연기도 너무 좋고 자칫하면 어둡게 표현될 수 있는 주제인데 도리어 가슴이 따뜻해지고 갑니다.  
20170219,10,뭔가 남는영화 연기력 다들좋고요정말 잘 봤습니다  
20170219,10,관람객그냥말이필요없네요 시간가는줄모르고봤습니다ㅎ  
20170219,10,관람객이 사회에서 절대 반복되서는 안 되는 일.  
20170219,9,공감을 끌어올리는 명연기. 슬픈현실을 잘 반영한 영화였다.  
20170219,10,재미있음 감독님 인터뷰한 기사 보면 왜 마지막에 그렇게 끝냈는지도 조금 알것도 같음 정우 강하늘은 원래 친해서 그런지 케미가 장난없음 여튼 진짜 재미있게 봤음 별 다섯개 꾸욱!!!!강추  
20170219,10,연기자들 연기가 너무 좋았습니다영화 잘 만드셨네요~~!!^^  
20170219,5,"관람객배우들의 연기는 명품이다.하지만 영화는 아쉽다.전하려는 메세지가 뭔지는 알거 같지만, 이것 저것 소스를 다 섞어놓아서 정확한 핵심이 뭔지 모르겠움.브로맨스나 정의로움이나 부정부패나 모자관계 등 다 뒤엉킨 느낌이다 하지만 배우들의 팬이라면 추천!  "
20170219,10,와진짜 십점만점이 만점이란게 안타까운 영화였다.주인공들 연기 정말 이렇게까지 잘해도되는가싶다. 그리고 주인공어머님도정말..정말 연기를너무잘해서 입도벌리고보면서 집중했고 기립박수라도 치고싶은 심정이었다.올해들어본영화중 단연최고였다.  
20170219,8,관람객정우땜에 봤다. 강하늘 오랜만인데 좋다  
20170219,9,관람객가족들이랑 재미있게 봤어요재판하는 내용도 나왔으면 더 좋았을텐데 ㅋ  
20170219,1,확실한건 마지막 마무리가 않좋다는거다가장 중요한 판결 과정을 변호사 인사만 하고 끝내는건 여운을 주는 결말 따위가 아니라 영화 만들다 시간이 길어져 끝을 잘라버린것 같은 느낌밖에 안준다.  
20170219,7,관람객갠차나요오오~~^^  
20170219,7,"관람객감동적인 스토리, 좋은 연기가 있지만 아쉬운 결말  "
20170219,10,관람객굿 연기굿 정우 연기가 작살 납니다  
20170219,8,관람객긴장감있고 연기도 정말 좋았는데 마지막이좀 아쉬웠어요  
20170219,10,관람객재미지고.감동적이며.연기자분들.연기정말잘하셔요  
20170219,10,처음부터 끝까지 그리고 주연부터 조연까지 모두 마음에 들었던 영화.. 영화를 보는 내내 가슴이 뜨거워졌다.  
20170219,10,관람객연기력 쩌네요 ㅋㅋㅋㅋ  
20170219,10,"배우들 연기도 진짜 멋있었고, 영화 끝나고 나면 현실사회의 모순이 더 느껴지는 것 같다. 진짜 찡한 감동이 있다.  "
20170219,7,강하늘 연기 지존 많이 슬프진않았음  
20170219,9,관람객실화를 잘 살린 영화입니다.  
20170219,3,관람객뭔가 아쉬운.. 살짝 지루한..  
20170219,9,관람객처음 부터 마지막까지 몰입도가 좋았음  
20170219,5,관람객똥싸다 끊은느낌이다.. 마지막부분을 조금더 했으면좋았을걸  
20170219,10,오랜만에진짜 영화다운 영화봣네요  
20170219,8,관람객다들 연기 너무 잘하시고 오랜만에 울컥한 영화 였음 그리고 실화를 바탕으로한 영화라 더 현실감 있게 감상함  
20170219,9,관람객재미있게 봤습니다~~  
20170219,10,관람객형사들이 진급 하려고 15살짜리 목격자를 때리고 고문시켜 거짓자백을 하게함억울하게 10년 감옥살이 하게됨. 진짜 진범이 나타나서 자백을했는데도 재판 번복이 싫어서 진범을 풀어주다니 백철기 형사 이 잔인한 새끼 신상공개 안되나요 ??  
20170219,10,너무 감동적이었어요!!!  
20170219,7,관람객그냥 뭐 그냥저냥 뭐 그렇다구여...  
20170219,8,99%의 사람들이 '거짓'이라고 말했을 때 1%의 진실로 움직이는 변호사의 이야기.  
20170219,10,명연기.... 눈물 흘리면서 봤습니다 ㅠㅠ  
20170219,6,진짜 구라없이 딱 6점 정도의 영화다  
20170219,5,"좋은 소재인데 좀 아쉬운 느낌. 변호인보단 재미가 확실히 떨어짐. 강하늘, 정우 둘다 연기참 잘하는데 정우는 진짜 변호사 역과는 어울리지않았음.이동휘도 어색.  "
20170219,9,관람객끝 재심하는 재판을 보여줬다면 더 좋아을거란 아쉬움이...  
20170219,10,몰입도 최고!!....이게 실화였다니;;  
20170219,10,관람객배우들 연기가 기본 압권!!실화 모티브라 몰입도 좋았음!!특히 강하늘이랑 김해숙 배우님 교도소 씬에서 음악이랑 잘 어울려서 울었음 ㅠㅠ  
20170219,8,관람객정우 연기 과하지않고 좋으네요소름끼치는 경찰양반 연기도 참 ㅎㄷㄷ대봑나세요  
20170219,10,관람객마지막에 가정 꾸려서 자녀 두명 낳고 평범한 삶을 살고 있다는 글을보고 찡했음  
20170219,8,배우들 연기덕에 몰입이 잘됐어요. 내용은 그럭저럭 볼만했고요.  
20170219,9,관람객많은사람들이 봤으면 좋겠어요  
20170219,1,솔직후기사람들 다 어이없어함 ㅇㅇ마지막 진짜 허무하게 뻔한 전개로 가고 2분에 초간단하게 끝. 실화바탕이라서 마음에 와닿을지는 몰라도 감동을 받을수 있는 부분도 잘 살려내지 못했고 억지로 웃음을 지어짜내게 하려는 대사가 너무 뻔히 보임 재미없음.  
20170219,8,이동휘씨 연기가 조금 아쉬웠습니다 평소에 좋아라 하는 배우지만 뭔가 진지하고 무거운 연기는 어울리지 않았다라는 생각을했어요  
20170219,10,진짜 꼭 보시길 바라는 영화 연기도 완전 짱이고  
20170219,10,간만에 재밌고슬프면서 생각많이하게 해주는 영화 실화라서 더와닿고 마음아프며 연기가 영화를 살린영화  
20170219,10,대만족... 결말을 아쉬워 하는 분들도 있지만 저는 개인적으로 이런 결말 너무 좋습니다.  
20170219,8,관람객재미있었어용음 감동도 있고 연기도 다들 탄탄하고 실화를 바탕으로 한거여서 더 좋았습니다정우 연기 넘 좋아용강하늘 연기도 좋았구요그렇지만 이런 류의 영화를 많이 번 듯한 느낌이 있어서 아쉬웠습니다그래도 배우들 연기가 좋아서 재밌게 보았습니다!  
20170219,8,관람객재밌게봤습니다ㅎㅎㅎ  
20170219,10,재심 정말 감동이었어요. 우병우 김기춘같은 괴생물체들만 보면 절망적이지만  박영수같은 분을 뵈면 희망도 보이고요!   그 검사나 경찰들 처벌받아야해요.   권선징악!!!이젠 정말 선함이 힘을 가졌으면 합니다  
20170219,10,"연기, 내용 모두 만족합니다. 대한민국 판검사, 변호사들 꼭 보시길 바랍니다. 법조인들 여러분 유치해보이겠지만 그건 당신들이 그만큼 썩었다는 증거고, 억울한 사람들 위해 노력하는 법조인들에게 감사하게 생각합시다.  "
20170219,9,"정우,한재영 연기력  최고!  두 배우의 연기력만으로 충분히 티켓을 사고 볼 수 있는 영화! 영화라는 소재안에 과장보다는 현실적인 연출과 표현우로 더욱더 몰입하게 되는 영화 부패한 공무원이 얼마나 무서운지 알 수 있는 소재 하지만 아직 빛은 있다!  "
20170219,9,"관람객내용도, 배우들의 연기도, 주제도 좋았습니다.정말 오랜만에 잘 본 영화였어요  "
20170219,10,다들 뒷부분이 아쉽다고 해서 아쉬울줄 알았는데 생각보다 너무 감동적이여서 아쉽다는 생각을 못했어요! 최근들어 본 영화중 가장 몰입하고 본 영화였습니다. 실화를 바탕으로 만들었다고 하던데 마지막에 실제 인물이 나오니 더 와닿고 좋았습니다.  
20170219,10,지루할 틈이 없는 영화였어요!!!  
20170219,6,관람객너무 스토리를 만들려고 노력하는모습이 보입니다하지만 연기력 하나는 10점이네요  
20170219,9,관람객결말이조금아쉽지만 감동적이고 재밌어요  
20170219,10,관람객강하늘과 정우의 연기력 진짜 짱이예요!!!내용도 흥미진진하고 재밌어요!! 너무 재밌게봤습니다.  
20170219,10,간만에본 최고의 영화였다. 로그인하게만드네요.  
20170219,8,관람객오랜만에 감동받았다. 역시 정의가 승리하는 것이 순리다.  
20170219,8,고구마였다가 사이다를 기대하며 소름끼칠준비를 했지만 엔딩크레딧이 .. 병뚜껑만 돌리고놔둔느낌이랄까 ..? 연기력은 정말 최고였어요 ! 다만 엔딩이 많이 아쉬운영화 ㅠㅠㅠㅠ  
20170219,9,관람객재밌게봣습니다^^다들 연기를 너무 잘하시네요  
20170219,10,관람객강하늘 연기 정말 잘한다  
20170219,8,관람객   솔직히 ...실화라서 볼만했어요 ..  
20170219,10,"변호인이랑 그냥 레파토리가 똑같지않을까 했는데, 배우들 연기들이 전부너무좋았고 몰입도도 너무좋았습니다  "
20170219,7,관람객재밌게봤어요 실화라니 제가 다 억울하고 가슴이 아프네요  
20170219,8,관람객감동입니다~소수의정의가살아있다는...  
20170219,9,관람객정우와 강하늘의 연기가 많이 좋습니다굳굳  
20170219,10,최 고 에 요 진 심 200프로  
20170219,8,관람객강하늘 연기 정말 좋아요~  
20170219,4,관람객2시간짜리의 서론만 본거 같다....재심 2편 나오나요?  
20170219,8,볼만했음. 실존 인물들께 박수를 보냅니다.  
20170219,4,보통입니다. 약간 지루함.  
20170219,8,관람객생각보다는 내용이 알차고 지루하지 않은것같네요  
20170219,9,관람객간만에 본영화인데 재미있게봤내요~  
20170219,7,관람객법정엔 다시 서도 영화는 다시 보진 않을듯  
20170219,5,너무 엉성하게 제작했네요. 무미건조한... 하품만... 끝 부분은 어이없음. 응팔이 도룡뇽(?) 연기력 너무 떨어지고요. 끌리는 영화가 없어서 봤더니 아쉬움만 안고 왔어요.  
20170219,10,관람객진짜 배우들 연기가 짱!!!! 속시원하게 다잡아 내는것까지 연출되면 좋을거같은데 그래도 내용과 배우가 짱짱해서 재밌게봤습니다 꼭추천하는 영화입니다  
20170219,9,관람객배우들의 명연기와 시대를 반영하는 영화의 장면들에 감동을 받았습니다! 부패한 곳이 없고 깨끗한 나라가 되기를 바랍니다.  
20170219,9,관람객재밌어요!! 배우분들 연기가 짱  
20170219,9,관람객주연들의 연기가 정말 감동적이엇음  
20170219,6,"관람객중간까지는 재미있고 스토리가 재미있고했는데 후반부에 뭔가 뻔해지고 허무해진다고 할까..,  "
20170219,1,관람객감독의 역량이 많이 부족한듯...이 소재와 이 명배우들의 연기를 재료로 이렇게밖에 못 만들다니...그것이 알고싶다가 차라리 나은 듯 하네요.  
20170219,10,관람객다들연기도 잘하고2시간 어떻게갔는지모르겠어요!  
20170219,7,관람객생각했던것만큼 시원통쾌한 그낌없구 찝찝한느낌배우들 연기는좋은데 뭔가 큰 임팩트가없어서 아쉬움ㅠ  
20170219,9,관람객영화가 참 잘됐네요감동입니다마무리가 아쉬워요  
20170219,8,관람객미안한다는 말이 그렇게 어려운가요자신의 잘못을 인정하기가 그렇게 싫은가요.진범인이 나타났는데..잘못을 바로 잡을생각은 안하고 억울하게 한사람의 인생을 그렇게 망가트리나요... 결말이 조금 아쉽지만 그래도 배우님들 정말 고생했고 수고했습니다.  
20170219,10,배우들 연기력에 두번이나 봤네요..특히 정우의 감정씬들이 인상깊고 너무 좋았어요 다시는 이런일이 생기지 않길  
20170219,9,오랜만에 가슴뭉클해지는 영화였네요..  
20170219,10,강하늘 정우 때문에 봤지만 정말 몰입도 짱이었고 집중해서 봤습니다 극장에서 두번봤는데 두번다 정말 몰입도 짱이었고 나중에 또 보고싶어지는영화ㅠㅠ! 배우분들 다 연기도 좋으셨구 ㅠㅠ  
20170219,10,재밌었어요. 근데 법정 앞 신에서 개 끌고 오는 남자 이거 이광수인줄 안 건 저랑 제 친구뿐인가요.?개는 지뚫킥 히릿인줄...  
20170219,10,와 영화보는 내내 부들부들거리면서 봤네요정우 강하늘 연기되게 좋았고 강하늘 다이어트 하니깐 정말잘생겼네요  
20170219,7,"답답하고 마음이 아프네요.주연 배우, 조연배우 전부 연기 구멍이 없네요.재밌게 보았습니다.  "
20170219,10,"관람객굿~~~~?!,'더넘  "
20170219,9,관람객오랫만에 영화다운 영화를 보았습니다^^ 최고입니다 ㅎㅎ  
20170219,5,의미있는 영화와 잘만든 영화와의 간극.  
20170219,8,관람객재미써요 결말이조금 뻔했긴하지만 !  
20170219,10,오늘 cgv구로에서 관람...정우 연기와 강하늘 연기에 푹 빠짐...정말 잘하더이다...그리고 정우씨한테 감솨...시드니에 있는 내딸에게 홧팅메세지까지 남겨주고...너무너무 감솨...대박나고 모두들 보시면 정신 건강에 좋다는..  
20170219,10,이건 꼭 봐야합니다.제 인생 영화가 될것  같습니다.  
20170219,9,관람객우와 ! 주연들 연기 최고에요! 응답하라!나오신분들 많네요!  
20170219,10,꼭 보세요. 실화+연출+연기력  
20170219,7,관람객재미있게봤습니다...  
20170219,10,관람객재밋어요 아주이주아주  
20170219,9,관람객마지막에 시원하게 끝을 보여줬으면 좋았을텐데....  
20170219,10,관람객굿뜨! 정우 멋짐ㅇ요!!!!  
20170219,10,관람객즐겁게 잘 영화관함 했습니다-  
20170219,10,진짜보는내내화가났지만 당사자분들은얼마나 화가나고힘들었을까를생각하면 영화가끝낫는데도 안타까운마음은 어쩔수가없음...진짜명연기  
20170219,9,"관람객선과 악, 진실과 거짓, 옳은 것과 그른 것. 수많은 오류가 난무하는 사회에서 우리는 과연 인간다운 사고와 판단을 하고 있는가. 삶을 살아가며 안고 가야 할 물음들을 잠시라도 마주할 수 있었던 영화 '재심'.  "
20170219,8,관람객결말까지 해줬으면 더 좋았을걸... 요즘 트렌드라고 하긴 하지만 아쉬운 엔딩  
20170219,5,고구마만 주고 사이다를 못받움  
20170219,10,관람객재밌게봤습니디. 결말이 살짝 허무 재판에서 입으로 터는걸 못봐서...ㄲㅂ  
20170219,10,관람객배우들의 연기 스토리 너무 만족했어요 재미있게잘봤어요~  
20170219,8,관람객재밋는데 열받음 부글부글  
20170219,1,야이 **들아 뒷부분 어따 팔아먹었냐. 이제 시작할라하이 끝나노 평점알바 다닥쳐라 똥싸다 끊긴 느낌 개오짐  
20170219,8,관람객처음 좀 지루한거빼곤 내용있었어용  
20170219,9,배우들의 연기가 연기라는걸 느끼지 못할 정도로 푹 빠져서 봤습니다.  모든 사람이 법 앞에 평등하다라는 진실 앞에 평등하지 않는 현실과 싸워 이겨 마지막 희망과 정의를 실현한 변호사님께 박수를 보냅니다.  
20170219,10,너무감동입니다!!영화가 끝나지 않길바란적 처음인듯하네요!!영화관을 가지않는 형님이 있는데  만원한장을 쥐어주면서 한번가서 보라구 했습니다!!나랑같은 감동을 느끼게해주고 싶어서요정우 강하늘배우 감독님 성함은 생각이 안나지만너무감사합니다!!  
20170219,10,관람객어우 오랜만에 재밌는 영화봤네요  
20170219,9,의뢰인을 이용하는건 나뽀정우 연기 구웃~~!!하늘이는 더 구웃~~!  
20170219,10,"10점도 모자를만한 정말 여운이남는 영화정우,강하늘 연기력에 다시한번 놀랍니다.  "
20170219,10,시간 가는줄 몰랐음...  
20170219,10,관람객너무 안타깝다.... 이런나라에 살고있다는게참  
20170219,7,관람객영화자체는 좋았으나 아무래도 결말을 알고보니 영화가주는 긴박감이나 절망들이 덜전해진것같습니다.  
20170219,10,저런형사새끼들은 있으면안된다  
20170219,8,볼만한 영화 입니다...  
20170219,8,관람객재미있게 봤습니다!!!  
20170219,10,진짜 윗대가리들 쓰레기청소 했음 좋겟다  
20170219,10,"결말이 그렇게 끝날줄 몰랐는데 색달랐고, 전반적인 스토리도 재밌었습니다.  실화를 소재로해서 그런지 영화가 끝난후  많은걸 느끼게 되었습니다. 무엇보다 주인공 두분의 명연기가bb  "
20170219,10,두번보세요 진짜 재미있습니다. 본지 1시간 넘어도 여운이 가시지 않습니다. 정말 대한민국의 현실을 깨닫게 해주는 영화입니다.  
20170219,7,옛날엔 이런 법정 영화 제법 많았는데.  초중반  다소 지루한 감이 없지 않았으나 후반엔 탈력 받아 볼만했다  
20170219,9,짜임새 있고 진행이 빨랐습니다 그리고 마무리 부분이 색달랐습니다  
20170219,8,관람객실제사건 강한 소재로 다소 밋밋한연출감이있으나 열연연기 멋졌어요  
20170219,8,관람객너와 함께여서 좋았다.  
20170219,9,관람객최고의명작입니다 너무재미있숴요  
20170219,8,관람객감동스럽고 재밋어여 정우멋있음  
20170219,9,배우들 연기 진짜 최고... 스토리보다도 배우들 연기에 몰입되어 전혀 지루하지 않음. 특히 그 경찰은 꿈에서도 나옴 ㅜㅜ  
20170219,10,관람객 시간가는줄모르고 재밋게봣습니다 굿  
20170219,6,관람객정말정말 오랜만에 좋은영화 보고갑니다 ㅎ  
20170219,10,"모임에서어제영화를봤는데너무나재미있어다그래서끝에는너무나슬픈눈물이나왔다너무나재미있어서다른사람들은추천을하고싶다는것이다.고합니다...너무나재미있고웃긴고,슬픈영화를합니다....  "
20170219,10,급 가서 본영환데 너무 재밌었어요  
20170219,9,관람객생각보다 너무 감동적이였고 재미있었네요. 생각을 많이하게되네요. 시간가는줄몰랐엉?ㄷ!!  
20170219,9,관람객재밌게보고왔어요 연기도다들잘하네요!  
20170219,8,관람객결말이야 이미 알고있었지만..마무리 부분이 좀 아쉽네요.. 급마무리 되는듯한 느낌이랄까.. ㅎㅎ  
20170219,8,관람객지루할 틈없이 질봤습니다  
20170219,10,변호인에 이은 두번째 수작  
20170219,10,관람객굉장히 재미숨~~^^^  
20170219,9,관람객배우들의 명연기가 빛나는 영화!  
20170219,6,그알이 더 재밌었음영화 마지막에 전한 메세지 외에는전반적 스토리가 변호사 미화내용 같았음  
20170219,8,관람객볼만해요 재밌게 잘봤습니다  
20170219,10,관람객짱입니다요~~!!!  
20170219,10,관람객재심 재미있었어요 정우 짱짱♡♡  
20170219,1,"김빠진콜라 쒸,,불거 끝억 정29현펀치를 날려야지 왜 증거만모우다끝나냐  "
20170219,10,"관람객배우들 연기도 좋고, 범죄자의 말을 들어주고 그걸 해결해주시는 변호사분이 계시다는거에 감동받았습니다.이런 영화가 많이나왔으면 좋겠네요 ㅎ  "
20170219,6,관람객재미업써어~ㅜㅜ~ㅜㅜ  
20170219,7,기본 적인 베이스가 변호인이랑 너무 비슷하네요...  
20170219,10,와....나 여친이랑 보는데 옆에 울고 나도 글썽거렸다...어머니 언기짱이였어...  
20170219,8,관람객실화라고 생스각하고 보니....마음이 많이 아팠어요  
20170219,9,감동입니다...정우도 강하늘도..  
20170219,8,이제딱 볼라하니까 끝나네 ..  
20170219,10,연기정말 잘한다 재밌게 봤어요  
20170219,3,관람객요새 피고인이나 보이스가 더 재밌는거 같아요 결말도 그렇고.... 사이다도 아닌것이 사이다인것....  
20170219,9,"다들 연기가 훌륭하네요. 마냥 무겁지만도 않고 재밌었어요.몰입해서 악역을 진짜 미워해본 건 처음이였어요. 형사 역 배우분, 어디서 만나면 진짜 화낼 것 같음..  "
20170219,8,관람객재밌었어요. 약간 긴영화처럼 느껴지기도 합니다.^^  
20170219,8,관람객지인소개로 별기대안하고 봤지만 정말기대이상으로재밌네요 ㅎㅎ  
20170219,7,관람객적절한 영화요소 넣어서 재밌게봤네요  
20170219,10,봐야 알 수 있습니다.!!!  
20170219,10,이거 꼭 보심요 근대 영화 극대화 함 ㅋㅋㅋ  
20170219,10,관람객기대이상으로 재미있어요  
20170219,8,관람객실화를 바탕으로 정우와 강하늘의 연기력 쵝오!  
20170219,10,ㅋㅋㅋ연기몰입도 최고 계속 울었음  
20170219,8,관람객재밋음결말이좀허무함  
20170219,8,관람객시간때우기용으로 보기 좋았어요  
20170219,3,관람객개연성이 부족했으나 연기는 괜춘  
20170219,8,관람객재밋어요 모두들 꼭한번씩 보샷으먄 좋겟네요  
20170219,10,관람객정말 감동적이 영화네요!  
20170219,10,관람객배우들의 연기가 정말로 인상적이었습니다 보다가 울었네요 ㅠㅠ  
20170219,8, 간단히 보기에 좋은거같아요  
20170219,9,관람객재미있었습니다!!!!  
20170219,8,관람객재밌어요~ 재판 장면이 더 길었으면 더 좋았을 듯!  
20170219,9,정우 다시본 영화.. 연기 절정인듯 최고 !  
20170219,9,관람객몰입하면서 재미있게 봤지만 결말이 너무 아쉽네요.급작스럽게 마무리하는 느낌이였어요  
20170219,8,관람객마음이 따뜻해지는 영화였습니다! 감사합니다!  
20170219,8,추천영화 맨끝이 조금아쉽지만 돈아깝지않은 영화  
20170219,10,큰 홍보가 없던 영화라서 일부러 찾아본게 아닌 그냥  극장가서 무심코 본 작품이었는데 가슴이 먹먹합니다. 누명을 벗었다고는 하나 사무치는 고통의 시간들을 살아왔을 극중 조현우와 같은 억울했던 삶들..그리고 그들에게 가해를 입힌 이 세상이 슬프더군요.  
20170219,9,관람객끝까지마무리잘됫으면 더 좋앗을뻔  
20170219,10,관람객네 재밌는데요 결말이 아쉽네요  
20170219,9,관람객정의로운 사회가 되었으면 좋겠단 생각을 했어요  
20170219,6,관람객내용이 너무 왔다갔다 하는거 같은...  
20170219,8,관람객형사 진짜 화난다~~~ 재밌는데 마지막이 조금 아쉽다!  
20170219,9,관람객연기력덕분에 재밌었던 영화  
20170219,9,관람객음... 변호인 다음으로 법 관련 영화는 재밌게 본거같아요 근데 재판하는 장면이 나오지않어.... 아쉽네요.... 재판하는 장면이 나왓더라면 정말 좋았을텐데...  
20170219,8,"실화가 가진 힘있는 영화. 관람 전에 왜 '재심'이란 영화가 1위일까 의아했는데, 관람 후 그 이유를 알게됨  "
20170219,8,관람객1234421ㅈ233ㅂ  
20170219,10,처음부터 끝까지 눈을 떼지못할 탄탄한 스토리.. 배우들의 연기 참 좋았다. 특히 김해숙.  
20170219,8,일단 영화만드신감독님께 감사드린다는말씀을 하고싶네요.시국이시국인지라 이렇게나마답답한마음풀수있어너무좋앗어요.보다보니 영화변호인이생각나드라구요정우님하늘님김해숙님연기넘좋았어요눈물도 났어요우리사회가세상의상식이아닌헌법의법대로 억울한사람이없는사회가  
20170219,1,좋은 의도로 만들었고 연기도 매우 좋았는데뻔한내용에 긴장감이 전혀없네요그래서 돈아깝네요  
20170219,8,관람객결말이 예상 그대로... 그래도 과정이 좋았음  
20170219,9,관람객재밌었어여 끝날때 처우는데 갑자기 불켜져서 당황했어여  
20170219,10,실화의 감동을 명연기자들이 실감나게 풀어냄  
20170219,9,관람객아주재밌어요 꼭 보시길바람...  
20170219,9,정말재미있었어요.ㅎㅎ  
20170219,9,관람객잼씀 정우 개귀엽 10자~~  
20170219,10,관람객최고에요 굿굿!! 추천합니다  
20170219,10,관람객정말 시간가는줄 모르고 재밌게 잘봤습니다!배우들도 연기다 잘하시고 짱임  
20170219,10,관람객오여야너오완놓아나너논  
20170219,10,관람객정말 좋슴니다앙ㅎㅎㅅ  
20170219,10,관람객잼께봤습니다~형과쇄리재수없네요..  
20170219,8,관람객엔딩이 엄청 아쉬움을 주지만 꼭 봐야 할 영화네요  
20170219,8,관람객마무리가 아쉬엇서여ㅕ  
20170219,8,관람객구성도 좋지만 카메라 구도나 과거를 보여줄때 현실과 구분이 안된 몇 장면들이 아쉬운 작품  
20170219,10,관람객재밌어요! 정우와 강하늘 그리고 김해숙쌤의 연기가 정말 ㅠㅠ 근데 이동휘는 왜이렇게 연기를 못하죠..?  
20170219,9,마지막부분이 조금 아쉬웠던 것 빼고는 재밌었어요!  
20170219,10,관람객명품연기란 이영화를두고 하는  
20170219,5,진짜 별로였음 막상 중요하게 보여줘야될 부분은 보여주지도 않고 쓸데없는부분 이상하게 늘어놓고  
20170219,10,관람객정우 연기가 너무 좋았습니다. 재심 굿!  
20170219,9,마지막 장면이 아쉬었습니다  
20170219,10,관람객많은 생각을 하게되네요 잘봤습니다.  
20170219,10,관람객Wowqwrtdadg  
20170219,8,관람객쟈미ㅛ아용 근데 결말까지 나올줄 ㅠㅠㅠㅠ  
20170219,8,관람객배우들 모두가 명연기였어요~대한민국 정의구현을..  
20170219,8,관람객마지막이 조금아쉬움~ 변호사 변론을  기대했었는데^  각박한세상에 정의가 살아있다는거에 잠시나마 안도의한숨  
20170219,7,그냥 볼만하려고할때 끝남  
20170219,3,"관람객세상의 이런일이 에서 먼저 내용을 접한터라 처음부터 끝까지 내용은 알고있었네요. 변호사님 멋지십니다. 사례는 박수칠만 하나, 작품 퀄리티는 그닥  "
20170219,9,관람객너무 재밌게 잘 봤어요~  
20170219,9,관람객역시 믿고보는 정우!!  
20170219,10,"오늘 '재심'을 보고 왔습니다. 내용을 알고 있었기에 큰 기대를 안하고 ' 그냥, 한 번 보자 ' 하는 마음으로 봤는데  이 영화는 큰 과장됨 없이 조용히 내 마음을 치유해 줬습니다. 부정적인 이나라의 앞날을조용히묵묵히 일하는사람들이있는한걱  "
20170219,10,실화라는게 좀 씁쓸하네요..  
20170219,10,관람객최고의영화입니다. 정우 연기에 감동 받았습니다!  
20170219,8,관람객이제 재판이 시작 했는데 끝나버림ㅠ  
20170219,9,관람객박준영 변호사의 실화라 재밌습니다~  
20170219,7,관람객볼만하네요 연기하나는 굳  
20170219,8,"관람객배우들 명연기 감동이었고, 우리나라에도 저런 일이 일어날 수 있다는 사실에 매우 안타까웠다... 잔잔한 감동과 여운이 남는 영화. 스펙타클하거나 그러진 않지만 볼만하다  "
20170219,8,관람객허무하게 끝..이라 아쉽네요  
20170219,8,관람객보다가 졸았지만 재밋었음  
20170219,10,관람객민주주의와 정의는 저절로 이루어 지지 않는다.  
20170219,10,관람객실화를 바탕으로하여 더욱 감동적이었고배우들의 연기 ! 정말 최고였습니다.  
20170219,9,관람객영화 끝나니 옆에 여자가 훌쩍거렸다 감동적이었나보다  
20170219,9,관람객부모님께서 아주 재미있게 보셨던것 같아요  
20170219,10,기대 많이 하고 봤는데 기대이상이다ㅋㅋ 배우들의 연기력도 대단하고 중간중간 울컥해서 참느라 혼났음 ㅠㅠ 재미까지 있고... 아무튼 다시는 이런일이 없었으면 좋겠다.  
20170219,8,관람객재미있게 잘봤습니다~  
20170219,9,정우 연기에 감탄하고 갑니돠...  
20170219,10,배우들의 조합이  너무 잘 어우려저  아쉬울정도로 정말 잼있게 감동적이게  잘 봤습니다. 고등학교 아들을등살에 이끌려 봤는데  넘 잼있었어요 . . 형사분 한재영님? 연기 정말 요즘애들말로 오지게  너무너무 잘 하십니다. 많은 활약 기대합니다.  
20170219,9,배우들의 연기만으로도 가치 있는 영화다  
20170219,8,관람객후반부에 읭스러운부분이 있다고 느꼈심  
20170219,7,관람객배우분들이   연기를  잘하셨어요. 실화영화라구 해서  무거운마음으루 봤던것 같아요.  현실이라는거가   참 안타까운..정우..하늘배우님의 열연이 빛나는..  조용하지만 강한 영화였습니다.  
20170219,10,"cgv에서 어제 재심관람했습니다. 실화를 바탕으로 극적 긴장감을 유발하고 흥미를 주기 위해서 제가 약촌오거리사건 기사를 통해 파악한 실제 사건과는 다른 일부 허위,과장을 영화 속에 첨가한 것처럼 느껴졌습니다. 하지만 대한민국 사법부의 불법을 적나라하  "
20170219,9,관람객감동적입니다 ~^^♡  
20170219,10,인생영화 처음부터끝까지 잔잔한파도처럼..  
20170219,8,관람객결말이 허무했지만 과정은 재밌었어요  
20170219,9,관람객배우들 다 연기를 너무 잘해서 보는내내 몰입해서 봤어요^^  
20170219,10,관람객재심  잼 나게  봤습니다!!  
20170219,6,관람객지루함졸림하품이나옴  
20170219,10,다들 연기를 너무 잘하신다.. 시간이 2시간이 짧았다.  
20170219,10,올초에 나온 영화중에 가장 감동적인 영화입니다.특히 김해숙님의 연기는 최고입니다. 올해의 작품상 기대해봅니다.^^  
20170219,10,"연기좋고,스토리좋고,대사좋다정우,하늘명연기그래도연기최고는김해숙!!김혜자,고두심보다한수위연기폭훨씬넓음  "
20170219,9,관람객억울함을 속시원히 해결해주는 우리나라에 꼭 필요한 영화  
20170219,10,관람객정우 연기력 소름 진짜 잘밧습니다  
20170219,1,한국영화의 뻔한 감성팔이 우는사람있나 이런거보고 님들아 그냥 금빛모자이크 보시져  
20170219,7,인물의 감정 개연성이 그렇게 매끄럽지 않았습니다. 그리고 감정포텐이 터트리기 전에 끝난 것이 너무 아쉽웠습니다.  
20170219,4,모든게 좋았으나 마지막에 엔딩에서 급하게 마무리하는 느낌굳이 마지막을  그렇게 장식할 필요가 있었을까  
20170219,9,정우 강하늘 이동휘 몰입도 약시 장난 아닐 연기력이지만.. 현우 엄마 김해숙님은 진짜 볼때마다 감탄을 자아내니다.. 정말 연기를 감히 평할수 없는분!!  
20170219,9,이 영화가 살아야 대한민국이 살 것 같다.이런  영화가 눈쌀 찌푸리게 해도 계속 만들어져야하는 이유.  
20170219,9,관람객정말 재밋엇어요ㅋㅋ나음  
20170219,9,관람객실화를 바탕으로 한 영화 치고는 너무 드라마틱하게 풀어낸것도 없지않아 있지만.. 지루하지 않고 인물과 관객과의 공감대를 잘 형성해주는 영화 이다..  
20170219,10,관람객너무 재밌어요 연기력 구성 탄탄 합니다!  
20170219,9,배우들 연기가 관객들의 눈물로 알수 있을것 같네요!분노와 감동! 양심적인 한변호사의 끈질긴 노력으로 사건이 세상의 알려졌지만 억울하게 묻힌 사건도 엄청날꺼란 생각을 해봅니다!  
20170219,9,굿 ㅠㅠ 울고 웃고 찡하고 정말 잼있음  
20170219,8,관람객재미있어요 끝이 조금 허무한게 아쉬워요ㅜㅜ  
20170219,10,관람객재밋어요 ㅋㅋㅋ나중에 또 보고싶어요  
20170219,8,관람객재밌네요 답답하지만 우리나라 현실을 다룬 영화같네요  
20170219,8,관람객   실화를 좋아라해서 관람했어요.수고하셨습니다~  변호사님^.^  
20170219,10,관람객마지막 이준영변호사의 변론 모습 보고 싶었는데 조금 아쉽구요 실제로 무죄판결 받았다는 자막보고가슴이 따뜻했습니다 ^^  
20170219,10,관람객오글거리지도 않고 적당히 감동스럽고 인간미 넘치는 영화..  변호인보다 재밋다  
20170219,7,연기는 단역배우까지 누구하나 빠지지않는데..영화가 아쉽다~~~~아쉬워~~~  
20170219,8,관람객재미있쩡 진짜루~~~  
20170219,10,관람객법는 있는자를 위한것.적나라한 대한민국  
20170219,10,관람객완전재미떠영또보고싶어  
20170219,10,관람객쟈심쟈삼재미져미져꿀핵잼  
20170219,10,관람객기대없이봤는데 재미있습니다  
20170219,10,관람객변호인의 쌍동이영화 같은 웰메이드명작었어여. 많이 보세요.  
20170219,10,진짜 기대 이상이다. 뻔한 법정 영화라고  치부하지 않길.  
20170219,10,관람객감동이가득하구...와..진짜 반성을깊게해야할것같더라구요배우들연기도짱  
20170219,10,관람객감동 ㅠㅠ 웰메이드 영화  
20170219,10,관람객정우 믿고봐떠요!!! 역시나에요!!!  
20170219,9,결말을 화면으로 제대로 보여주고 끝났으면 좋았을텐데 그 부분이 살짝 아쉽 하지만 잘 만든 영화  
20170219,8,관람객영화즐겁게  보고 왔어요  
20170219,10,관람객실화라 그런가 엄청 재밌었다  
20170219,8,관람객결말이 조금 허무함 재판 장면을 보여주면 좋았을듯  
20170219,10,"내용, 연기력 짱!!입니다꼭 보세요~~^^  "
20170219,10,관람객예매하고 가면 정말 편리합니다  
20170219,9,진실은 언젠가 밝혀지는데  시간이 걸리는군요이런피해자가 더 있어선 안되겠지요경찰  검찰 관련자 사과하라  
20170219,10,관람객개꾸르르르잼잼잼임임  
20170219,10,관람객재밋어요 심심할때가없네요  
20170219,7,관람객엄마랑 재밌게봤습니다~  
20170219,10,배우들의 명연기와 실제 있었던 일이 융합되면서약촌오거리 살인사건의 누명을 쓴 피해자의 심정이 제 마음까지 전해졌네요.  
20170219,6,티비 보다가 갑자기 중요한 부분에서 꺼진 느낌....엔딩이 참 아쉬웠네요ㅠ 영화로 보여줬어야 한다고 생각한 재핀 부분들을 그냥 상상에 맡겨버려서 좋다가 조금 실망한 영화  
20170219,8,관람객공권력의 횡포에 분노 게이지가 상승하는 영화네요!  
20170219,10,관람객정우 . 강하늘 연기 짱짱 내용도 탄탄  
20170219,7,재판과정에서의 전율을 기대했는데 그전 과정까지만 그려서 조금 실망..영화는 기대이상  
20170219,9,17년 최고영화!!!  
20170219,8,관람객영화를 보고나니 화가많이난다 검사랑 형사들이너무했다 한 사람의 인생을 망쳤으니까 지금이라도오해를 풀어서 다행이다  
20170219,10,생각보다 많이 재밌엇어여  
20170219,10,명연기근래 가장 재미있게 본 영화  
20170219,9,관람객실화의 기본틀에 영화적 요소들을 가미해서인지 재미있게 봤어요~ 연기들도 좋고~ 이동휘씨의 연기가 조금 겉돌긴했지만 기본적으로 사회적으로 가진자와 가지지못한자와의 시선 차이가~ 가슴 아팠네요~  
20170219,10,ㅜ ㅜ  방금 보고온 12살 초딩 남자인데 진짜 재밋어요  
20170219,10,이영화 정말대박입니다 무조건보세요  
20170219,5,흥미로운 구석이 하나도 없음. 대사도 장면도 전개도 끼워넣은 픽션도 끝맺음이 없네  
20170219,10,"강하늘의 연기, 구성의 짜임새, 실제사건, 열심히살자 굿  "
20170219,10,두사람 의  인생 을  들여다본것처럼몰입감 최고~!!!  
20170219,10,관람객정우개멋잇어여 흐러어어어  
20170219,10,관람객유쾌하고재밌네요!!  
20170219,9,난 솔직히 막눈이다. 심각한게 아니면 다 재미있게 보인다. 이도 그렇다.  
20170219,9,관람객내용도 좋고 재미도 있으나 아쉬운건 재판장면을  좀더 보여주셨으면 하는 아쉬움이 있네요  
20170219,1,진짜 영화 별점 달아본적없는데 처음으로 달아본다 좋은 배우들 모아 놓고 이렇게 엉망으로 만들 수 있구나 하고 꼈다 모든 장면이 오버스럽다 기승전기승기승전결 영화보다 지치고 스트레스 받음 그리고 명대사 만드려는 억지 대본 반성해라..  
20170219,10,관람객진짜재밌었음 정우김하늘연기굿  
20170219,8,관람객그냥그냥 볼만합니다 마니기대까지는하지마시고 보시길~~  
20170219,7,관람객재판하는게 나왔음 했는데 그 부분이 아쉬웠다. 다신 이런 억울한 일이 생기는 사람이 없는 세상이 됐음 좋겠다.  
20170219,1,기승전에서 영화가 끝남결이없음이 돈으로 치킨사먹어러  
20170219,9,재심 아무 생각없이 봣는ㄷ 연기력이 좋고 재밋어요  
20170219,10,관람객감동 짱입니다 하늘배우 연기 짱  
20170219,9,경찰 검찰의 부패....  
20170219,10,관람객대한민국의 정의는 죽지않았다! 민주주의의 힘은 시민들의 깨어있음으로 이루어지는 것을 느꼇습니다  
20170219,9,관람객배우들의 연기가 정말...소름끼칠정도입니다. 강하늘의 연기력에 너무 놀랐습니다. 스토리도 탄탄하고 실화배경이라 더더욱 소름이 끼처더군요....  
20170219,10,정우와 김하늘의 걸작진실은밝혀지기마련  
20170219,10,관람객재미있게 봤습니다. 굿~!!  
20170219,10,관람객실화를 알고 봤는데도 재밌네요  
20170219,10,감동보다는 안타까운 현실에 눈물이 납니다. 강추합니다  
20170219,10,정우의 마지막 대사가 너무 인상적..주변에 강추  
20170219,9,정말‥꼭 보아야하는 영화임‥배우들 연기도 넘 잘하구~이젠 세상이 바뀔거라는 작은 희망을 기대해본다  
20170219,10,정우 연기력에 감탄하면서 실화라는 스토리에 놀라면서 아주 재미있게 봤습니다  
20170219,10,관람객      ㅈㅐ밌습니다!   배우들 연기력또한 최고입니다!  
20170219,9,관람객재미나요~~~강추합니다^^  
20170219,9,관람객오랜만에 재미있게 본영화.  
20170219,2,여기서 최순실 드립치는 인간들 뭐임??2000년에 일어난사건이고 김머중 정권때있던 일이구만 -_- 한심한 종북 빨갱이들  
20170219,10,진심으로 너무 감동적입니다 흑  
20170219,10,"' 미안하다 ' 라는 말.. 그 한 마디를 제대로 해주지 않았던 이 사회를 대신해 이 영화가 진심 어린 사과를 전한다. 10년을 억울하게 버텨낸 현우와, 어딘가에 있을 세상의 또 다른 현우들에게.  "
20170219,9,마무리가 아쉽다는 분들이 많은데. 저는 그렇게 끝났어야 맞다고 생각해요. 이미 결말은 누구나 다 아는 사실인데 굳이 재판까지 나올 필요성은 .. ^^; 저는 굉장히 재밌게 봤습니다. 감독이 주는 메시지도 확실하게 느껴졌구요 !  
20170219,10,배우들 연기가 너무좋았다  
20170219,9,정우 연기 좋았고 눈물 나왔음 같이 보러 갔던 중학생 아들도 점수에 짠편인데 9점 이상 줌 굿  
20170219,4,관람객노잼이야.... 재미없음  
20170219,6,"관람객배우들의 연기 좋았고, 다만 알고 있는 결말이라 좀 더 임팩트가 있었더라면 하는 아쉬움  "
20170219,10,연기력부터 다 완벽했어요.  
20170219,8,관람객정우는 믿고보는 배우고 강하늘도 최근에 연기력 상당히 인상깊습니다.  
20170219,10,정우 행님이 개지렸네요  
20170219,9,배우들 명연기에 진짜 몰입도 있게 봤어요. 러닝타임 내내 같이 울고 웃으면서 보느라 끝나고 나와서 힘들었어요ㅠㅠ잘봤습니다  
20170219,10,관람객재미있어요~이렇게 약자가 억울한 일이 없는 사회가 되었음 좋겠네요  
20170219,9,하옇튼 대한민국은 쓰레기들 집합소. 그나마 살아가는데 위안이 되는것은 참다운 사람들도 있다는...쓰레기같은 대통령과 연루된 기생충들이나 태워벌렸으면...  
20170219,10,관람객그것이 알고싶다에서 봤어서 관심있게 봤습니다.우리 사회가 참 많이 썩었다는걸 다시 한번 느꼈습니다  
20170219,8,정우가 왜 주연감인지 증명해준다. 그리고 사회고발영화는 계속 진화한다.  
20170219,9,강하늘 연기 동급 최강입니다.감동~  
20170219,8,관람객내용이 좋고 가슴에 닿는 연기력  
20170219,10,정말정말 정직하게 잘살라는 교훈을 얻었다배우들 연기 정말 대단했습니다  
20170219,10,관람객가슴따뜻해지는스토리대박  
20170219,8,관람객끝이 좀 밋밋하긴하지만 재미잇네요...  
20170219,10,"주용태,김용석,박운규  이 나쁜놈들은 아직 현직에 있다네요  "
20170219,8,관람객괜찮은 영화다! 강한 임팩트나 결말을 원한다면 다소 아쉬울수 있으나 재밌게 봤다. 정우와 강하늘은 기대 이상으로 호감 돋는 스크린을 꽉채우는 배우구나 느끼게 되었다. 두 배우가 더 기대된다 앞으로 (이해숙님의 눈물연기는 역시! )  
20170219,10,진짜 감정이입 제대로 됫던 영화다... 연기력 미쳣다 다들..  
20170219,10,관람객시설굿입니다 좋아요 짱짱  
20170219,4,배우들 연기는 정말 좋았다.그러나 마지막 재판장면 3분나오고 끝나는건 이해할수없다.중간중간 쓸데없는장면들 다 빼고 재판장면을 늘려서 확실한마무리를 했으면 어땟을까싶다  
20170219,10,연기가 너무 좋구 눈물 엄청 나옵니다.조선의 현실  
20170219,8,관람객감동적인 영화였습니다  
20170219,10,재밌네요 보는내내 울컥햇어용 배우분들 연기 너무 잘하세요..  
20170219,6,관람객잘~~~~봤습니다.  
20170219,9,관람객잼게봤습니다 실화를 바탕으로 한것이 더 맘에 와닿네요~  
20170219,10,이런 영화 처음이네요 잘봤습니다 감사합니다!  
20170219,7,좋아 좋은데 중간에 수정이가 지 사정 때문에 안온다는건 진짜 말이 안돼 너무 어이없어서 집중깨질 정도 ㅋㅋ  
20170219,9,관람객배우들의 연기캐리... 재밌습니다!  
20170219,9,관람객정우연기가아주대박입니다  
20170219,7,오랜만에 정의감에 가슴이 뜨거워지는 영화였다. 영화 상에서는 '현우'가 감옥에서 보냈던 10년이 나오진 않았지만 얼마나 억울하고 힘들었을까..  
20170219,10,관람객실화라 더 화가나네요.  어쩜 자기의 출생을 이해 한청소년의 인생을 망친 경찰과검찰 은 우리나라에서  뿌리 뽑아야 됩니다.정우씨강하늘씨 연기 너무 잘해주셔서 감사해요.. 재미있게 너무 잘보았습니다..  
20170219,10,관람객휴지챙겨가세뇨 울면서봤어요 ㅠㅠㅋㅋ  
20170219,9,관람객대한민국 사법부 엉망이네요  
20170219,6,관람객배우들의 연기는 정말 말로 표현할 수 없을 정도.그러나 모든 걸 담기에는 부족한 전개와 연출.  
20170219,8,그럭저럭 볼만해요 실화라 마음이 아팠어요  
20170219,10,넘나재밌눈것 상희맘도 재밌게 봤다는것  
20170219,8,관람객남친 주위에서 재미없다그래서 보지말까했는데 재밌어요ㅋㅋㅋ  
20170219,1,전형적인 우리나라영화...그 이상도 이하도 아닌...  
20170219,10,정말 감동적이였어요 가슴 먹먹해지는...이세상에 그누구하나 억울한 사람이 없는 세상이 되면 좋겠어요ㅠㅠ  
20170219,8," 박근혜게이트와 실화를 바탕으로한 재심 이 밖에 우리일반 시민들이 모르는 많은 부정부패들과 가진자들만의 리그, 썩어빠진 사법부  대한민국에 대한 회의감을 잘 느낄 수 있던 영화 답답함을 그대로 유지한채 나오게하는 그런영화  "
20170219,9,두 주연의 연기만으로 아주 만족스런 영화 변호인급의 영화는 아니엇지만 잼잇엇다  
20170219,10,관람객이걸보고 변호사가 되고 싶엇다ㅜㅜ  
20170219,1,뻔한 내용 뻔한 영화~@.@;;  
20170219,10,오랜만에 진짜 연기다운 연기 본것같았습니다. 잘봤습니다.  
20170219,7,다좋지만 마지막이 좀아쉬움.  
20170219,10,좋은 영화 잘 봤습니다..특히 연기가 굿!  
20170219,9,관람객잘봤습니다.두 배우의 감정연기가 인상깊었습니다.  
20170219,8,관람객사실에 비교적 충실하게 기반하면서도 극적인 요소를 허구로 잘 버무려 놓아서 <그것이 알고 싶다>를 통해서 사건의 내용을 알고 있는 관객들도 영화에 몰입하는데 어려움이 없을듯...  
20170219,8,"관람객정의는 승리한다. 강하늘,정우 연기잘해요.  "
20170219,10, 내부자들 이후 최고의 영화.. 아니 내부자들 뛰어넘는 영화ㅋㅋㅋ 연기력 최강..보는 내내 지루할 틈을 안 주는 영화  후.... 정우와 강하늘의 케미란....  
20170219,8,관람객기대하고봤는데 주제도좋고 내용도 좋았습니다. 근데 뭔가 급하게끝낸느낌은 저뿐인가요  
20170219,10,강하늘과 정우가 주연이어서 볼 영화가 아니다.  
20170219,5,관람객그냥그래요 재심에대해 영화의90퍼를 먹어놓고 마무리가좀 ..  
20170219,10,마음이 먹먹해지는 감정이 큰 영화였고 폭발하는 연기력이 너무 좋았습니다.  
20170219,9,관람객재밋어요대헷데헷헤헿  
20170219,9,관람객변호사의 침된 모습을 볼수잇어서 좋습니다  
20170219,7,시사회를 봤었습니다. 제 돈 주고 보지 않았으니 아주 객관적으로 평을 하자면 변호인에 비빌만한 영화는 아닙니다. 배우들 연기들은 좋습니다. 다만 재판 장면을 뺏다면 신파적인 느낌없었으면 하는 아쉬움은 있습니다.  
20170219,9,관람객좋았습니다 추천해 주고 싶은 영화  
20170219,1,배우와내용만좋았어요 친구랑같이봤는데둘다지루하게봤네요ㅠㅠ결말도허무하고고구마먹다거끝났어요  
20170219,10,관람객정말 우리들이 모르는 사회의 이면이  많네요.  
20170219,8,변호인을 떠올리는 섬뜩하고 두려운 영화인듯~~~국가는 국민을 보호해야함!!!그럼에도....우리 현실이 맘아프고 슬프네요!!!  
20170219,10,관람객완전재밌어요!!! 슬프고웃기공정우강하늘짱!!  
20170219,8,의도는 좋았으나 능력이 부족하다  
20170219,8,약간 뻔한 스토리 전개지만 배우들의 탄탄한 연기력이 돋보였던 영화입니다스릴러인줄 알앗는데 아니고 인간성에 다룬 영화엿다눈것!  
20170219,8,관람객스토리가 좀 엉성했지만 그래도 볼만했네요.특히 주연들의 연기가 일품이었네요  
20170219,7,관람객정우 연기 개잘해야 강하늘 대존잘  
20170219,8,관람객정우 연기 너무잘한다ㅜㅠ하지만 내용은 떵싸다말았음  
20170219,10,비밀보장 팬입니다. 감독님 기대 할게요  
20170219,2,관람객감동실화 젤 싫어하는데 ㅜㅜ 모르고 봄... 감동도 있고 교훈도 있으나 그냥 허구의 이야기가 더 임팩트 있고 잼나다고 생각하는 사람들은 안 보셔도 좋을 듯...?  
20170219,10,명연기들이다진짜..  
20170219,8,관람객내용은 진부하지만 배우들 연기력이 좋았던 영화  
20170219,9,관람객스토리도 재밌고 감명깊음 영화입니다  
20170219,10,관람객재밌네요기대안하고봤는데  
20170219,8,관람객감동이나 재미보다는 진실성에 촛점을 맞춘듯.볼만 하네요  
20170219,9,관람객감동적이네요 시간정말 금방가네요  
20170219,10,관람객마음이 먹먹해지네요  배우들의 연기력 좋았네요  
20170219,8,관람객20세기에도 이런비리가 있었다는것이 믿어지지 않았다  
20170219,10,관람객우리나라의 어두운 뒷모습을 보여주는 영화 ㅠㅠ 곳곳에 감동포인트도 좋앗어요  
20170219,10,"우와 정우, 강하늘 배우들 연기 너무 너무 좋았어요ㅜㅜ  "
20170219,7,우리들의 불편한 초상..그리고 그 속에서 빛을 발하는 소수자의 정의와 인간다움..긋~~~  
20170219,10,배우들 연기도 너무 좋고 정말 감명깊게 본 영화입니다  
20170219,9,관람객아직 정의가 살아있는 나라 !! 그런 변호사님이 계시다는게 너무 자랑스럽네요 그동안 정말 고샌하셨을 그분 앞으로 곷길만 걸으세요  
20170219,8,관람객좋은영화를 보겠다고 아침조조을보고싶다  
20170219,9,관람객정우 강하늘 정말 연기 잘하네요다시 봤습니다  
20170219,10,관람객재미있게  잘봤습니다.사법부의 결정으로 한사람의 인생이 망가질수있으므로 사법부는 판단에 엄격한 기준이 필요하다고 생각합니다.  
20170219,10,감동을주는영화재심굿  
20170219,10,관람객꼭추천하고싶은영화네요  
20170219,5,2시간 내내 고구마 먹다가 이제 사이다 뚜껑 따고 치익~ 사이다 냄새만 맡고 끝난것같은..그 찜찜함  
20170219,10,관람객예매를 미리해서 참 편했어요 영화도 즐겁게 봤습니다  
20170219,7,관람객마무리가 조금 아쉽네요  
20170219,1, 법정영화 기대하시면 안보시는게 좋을듯 합니다. 앞부분 너무 질질끌다가 정작 중요한 재판은 스킵해버리거든요ㅎㅎㅎ 너무 어이가 없었음....신파극이나 드라마 좋아하시는 분한테는 추천드립니다.  
20170219,10,"관람객감동을 주고 있습니다,  "
20170219,10,관람객진실은 살아있다. 화이팅!  
20170219,10,관람객감동있는 영화임 정우와 강하늘 연기좋음  
20170219,8,관람객재밌긴한데 무언가 좀 아쉽네요  
20170219,9,관람객재밌었음~ 연기엄청잘함  
20170219,10,기대안했는데 너무 감동이네요 여운이 오래남는영화임 배우는 연기도 최고  
20170219,10,진실의힘은위대하다.  
20170219,9,관람객생각보다재미있고 감동도 좀있네요 잘봤습니다  
20170219,9,"관람객지금의 대한민국도 재심처럼 억울한 피해자가 없는, 또 단 한명의 정의로운 변호사가 어쩌다 한분, 두분이 아닌. . 가득한~ 그런 나라가 되길 간절히 바라며. . .배우들 연기 너무 잘해서 보는 내내 집중도 잘 되었어요~  "
20170219,10,"정우 강하늘의 연기가 빛이 났고, 이해관계에 따라 정의가 훼손되어 법이 제 역할을 하지 못한다면, 마지막 선택은 누구나 자력구제하려 할 수 밖에 없을 것이다. 법의 존재 이유와 법은 누구를 위해 존재하는 걸까에 대해 고민해보게 만든 영화였다.  "
20170219,8,배우들의 연기력은 돋보였으나 문제해결 장면이 많이 생략되어있다  
20170219,10,"실화라서, 더 감동적이고 사실감이 있었습니다. 2시간이 언제 지나갔는지, 시간가는줄 모르고 몰입해서 봤네요. 최고!  "
20170219,10,관람객기대 정말 많이하고 봤는디 기대이상!!!  
20170219,5,관람객그냥 저냥 ㅎㅎ볼만햇던 ㅋ  
20170219,10,배우들 연기 좋았고 그것이 알고싶다를 보고 알고있던 내용이었어요 괜찮았어요♡-♡  
20170219,7,관람객익산에서 버스타고 15분거리에 있는 삼례 3인조 강도 사건도 영화화 해주세요. 그리고 특정직역을 운운하고 싶지않습니다. 부디 몇명 부패 경찰과 이를 묵인한 검찰 조직때문에 모든 사법부의 위상이 땅에 떨어지지 않기 바랍니다.  
20170219,8,"관람객기대이상의 감동, 밝혀지지않은..이런 억울한일들이 얼마나 많을까 생각하니 정말 .. 화가났다.  "
20170219,10,관람객영화를 잘 안보는대 이건 꼭 봐야될 영화 임  
20170219,8,관람객마지막에 재판과정을 영화에 포함시켰더라면 더 좋을 뻔 했어요^^  
20170219,10,관람객ㅋㅋㅋ넘 재미있어요 꼭보세횽  
20170219,9,관람객좋은 영화 잘 보고 갑니다.감사합니다 :-)  
20170219,9,관람객공무원들의 비리 뿌리뽑아야 나라가살고 국민이산다는걸 절실히 느낀 영화였네요 가슴이 아파씁니다  
20170219,9,관람객극중에 변호사님처럼 정의를 위해..약한자들을 위해 힘껏 일하는 변호사들이 많아졌음 좋겠다...  
20170219,9,관람객정우 연기가 기억에 남는 영화  
20170219,10,주연배우 두명연기에감동받고 스토리에감동받고 참 너무재밌음  
20170219,10,어제 남자친구와 정말 재밌게 보고 왔습니다. 돈과 시간 둘 다 아깝지 않은 영화였어요! 강하늘분 안아주면서 미안하다 할 때 울컥해서 울고 주변에서도 훌쩍거리시더라구요. 감정 끌어올리는 연기도 그렇고 두 분 다 연기를 잘하세요... ㅜㅜ  
20170219,8,"배우들 연기는 좋고 스토리도 재밌긴 한데, 중간에 조금 늘어지는 느낌  "
20170219,10,관람객재밌어요~~또 보고싶어요  
20170219,10,소리없이 통곡하긴 처음이다  
20170219,8,"관람객연기 최고 ^,^ 잘 봤네요  "
20170219,10,관람객이게 진짜 있던 일이라는 게 제일 공포...  
20170219,10,관람객재미있엇어요~!!!  
20170219,10,관람객재밌게 잘 봤습니다.!!!  
20170219,5,관람객그냥저냥 전형적인 한국영화 ㅎㅎ 갑자기 감동끌어낼려고해서 웃겼어요 마지막엔 고구마 ㅎㅎ  
20170219,8,관람객그럭저럭..음...  
20170219,10,1분1초도 놓치지 않고 집중하며 봤습니다. 배우들 연기가 최고입니다  
20170219,10,관람객많은 생각을 하게 되는 영화.  
20170219,7,결말장면이아쉬웟다는.급하게 엔딩하는  
20170219,10,"이변이 현우의 억울함을 들어줬을 때, 현우의 잘못이 아니라는 걸 알아줬을 때, 강하늘의 벅차오르는 듯한 명연기에 나도 같이 눈물을 흘렸고, 정우의 눈빛에 감동을 받았다.  "
20170219,10,"입체적인 캐릭터를 정우 강하늘 배우들의 열연으로 잘 소화해낸 영화. 울리려고 하지 않아 더 깊은 감동이 있었고, 억울한 사연에 분노했고, 신뢰하고 오해하고 다시 신뢰하고 사과하는 과정이 뭉클했다. 영화 잘 봤어요. 여운이 많이 남아 또 보러가고 싶네요  "
20170219,9,"관람객주연,조연 가릴것없이 연기는 정말 훌륭했고 스토리도 흘미진진했습니다 돈이아깝지않은영화네요 ㅎㅎㅎ  "
20170219,10,진짜루 강추합니당~  핵꿀잼~~~^^  
20170219,8,강하늘이 연기를 너무 잘했어요. 다만 소리 지를때에는 스물때와 겹쳐보였음.  
20170219,10,간만에 울고 나온 영화네요 몰입감장난아닙니다~!  
20170219,10,연기들 잘하십니다. 너무 화가나서 눈물 흘릴틈도 없네요. 현실이 영화같고 영화가 현실이었으면..  
20170219,10,연기 진짜 너무 좋고 이런 일들이 한국사회에서 일어나고 있다는 거에 대해서 분노를 표합니다.  
20170219,10,재밌게잘봤습니다!!!!  
20170219,6,"관람객실화랑  많이 비슷하다. 웃음도 적당히  넣고 지루한느낌없이 봤다. 이나라 정치인,재벌,법조인이 아닌서민으로 태어난 이상 절대 남의 일이 아닌 얘기다.  "
20170219,10,어제 부모님 모시고 재미있게 잘봤습니다. 정우씨 눈빛과 연기가 마음을 울리더군요  
20170219,9,"관람객힘없는 국민에 대한 권력의 횡포에 한숨이 나오고, 이게실화라는 사실에 더욱 놀라울뿐.  "
20170219,9,관람객재미 감동 둘다 챙김 마지막 마무리가 깔끔한듯  
20170219,4,너~~무 무난했다실화라는것만 임팩트있었고 강하늘연기는 좋았으나....  
20170219,9,관람객저는 괜찮게 봤어요. 배우들 연기도 좋고..실제 사건이었다는데 주인공이 너무 불쌍하네요  
20170219,7,관람객중간까지 볼만하다가 생각보다 이야기가 허무햇어요  시원한 결말도없고  
20170219,9,관람객현재 대한민국의 본모습을 보여준 팩트폭행.. 영화 우리가 어쩌면 알았어야 할 현실을 보여주는 영화..  
20170219,10,주조연 배우들 흡입력이 엄청나다. 댓글에 재심에 2점주고 한국영화 안된다는놈 아이디 눌러보니 현재상영중인 조작된xx 10점주고 한국영화 잘만든다는데.. 댓글알바할려면 아이디 여러개써라.. 비교할걸 해라  
20170219,10,관람객재밋게 잘봤습니다 ^^여자친구도 좋아하더라고요  
20170219,9,개봉전부터 기대하고있어는데 역시 짱있에요근데 좀아쉽우부분은  전체적으로다 좋아는데 마지막부분이 좀아쉽워서요  
20170219,2,"관람객영화구성이 치밀하지 못하고, 영화 마지막에 이건 실화라는 자막 제발 올리지 마라. 정말 한국영화는 안돼 라는말이 저절로 나온다.  "
20170219,10,올해 한국영화 탑 진짜 너무좋은작품이었다..  
20170219,9,관람객강하늘 연기 너무 좋았어요~^^  
20170219,10,큰 기대않고 들어간 식당에서 놀랄만큼 깊은 맛에 감동한 것처럼 보석같은 영화입니다. 올해 본 영화 중 가장 좋았습니다.  
20170219,10,관람객실화라서 도욱 더 볼만했던 영화였다  
20170219,10,우리나라 사법부는 썩었음. 결말이 그렇게 끝난것도 영화촬영종료 될 때 까지 판결이 안났다함. 영화 만들어지고 개봉 한다니까 그제서야..사법부 싹 물갈이 해야함  
20170219,9,관람객배우들의 연기가  너무 좋았어요...근데 마지막에 법정 재판장면이 없었던게 아쉬워요..결과는 나와있지만 재판장면도 있었으면 더좋았을뻔했어요...  
20170219,10,무거운 주제라 망설였는데 웬걸 재미있음^^ 재미있고 연기도 잘하고...그리고 이 시대 한국에서 살아가는 사람으로서 봐야하는 영화...정우연기짱  
20170219,10,관람객억울하다 정말로 모든게  
20170219,8,"관람객딸, 아들 가족이  모두 함께봤는데 재미있네요.실화를 바탕으로 해서 더욱 좋았어요.공통된 으견으로 끝부분이 조금 밋밋하다는게  중론.  "
20170219,10,참''은 꼭 승리하고거짓은 꼭 밝혀지는 메세지있는 영화  
20170219,1,후기 쓰기도 귀찮다. 댓글들 죄다 알바들이냐. 같이 보고 나오는 사람들 전부 이구동성으로 재미없다고 투덜대는데. 오늘 이 영화의 평점을 보고 댓글알바는 실존한다는 걸 깨닫는다  
20170219,5,좋은소재를 이렇게...그것이알고싶다 약촌오거리편 보는게 훨 나을듯  
20170219,8,"아니 재밌다고하는애들 전부 알바일거다 라고 단정짓는 인간들.... 진짜 개인의취향, 개인의 생각들을 나와다르다고 비판하지마세요ㅠ 별점높게주는사람재밋다는사람 전부 알바다 이런말하는 이유를 모르겠음 누구한텐 재미있을수도있는영화인데..  "
20170219,8,관람객볼만했어요 재밌었습니다 조작된도시 볼까했지만 실화를 바탕으로하였다고 해서 그리고 강하늘과 정우 이동휘 연기력이 탄탄했습니다 그래도 믿고 보느라 지루하진않았고 재밌었어요 볼만했어요 재밌었습니다 강하늘 엄마역인 이름이 생각이안나지만 그분도 역시 연기력 갑  
20170219,7,연기는 정말 명연기였으나.. 흠..실화를 녹여내야해서 그런가 전개가 매우 아쉬웠다. 불필요한 요소들이 많았고 정작 필요한 요소가 빠졌다는 생각이 든다.  
20170219,1,너무 연기력만 믿는데.  
20170219,10,더킹보러갔다 상영안해서 재심 봤는데 정말 보기 잘한거같네요.영화끝나고 실화라고 해서 놀랬구요 배우들 연기 정말 실감나게 후덜덜하네요.. 보통 초반부터 몰입하기 쉽지않은데  초반부터 몰입해서 시간가는줄모르고 봤네요. 알바아니구요 ㅎ 정말 재밌습니다 ㅋ  
20170219,8,개인적으로 래버넌트가 생각났음..  워낙 유명한사건이라 크게 기대는 안했는데 연기력이 모든것을 살려냄.. 정우 바람이후로 스크린에서 다시봤는데 정우는 그 특유의 울분과 분노를 살려내는 연기가 정말로 최고라고 생각함  
20170219,8,끝난거야?..엥?  엑스트라 연기가 역시 어설펏음..실화라는 데서 급 감동..마지막은 왠지..잘라먹은것 같이 서둘러 끝낸거 같아서 아쉬웠음  
20170219,10,관람객기대하면서 본 영화인데 정말 기대한것보다 더더 많은 생각을하게만드는 영화였습니다.. 실화라는것이 정말 안타까웠습니다.  
20170219,10,영화  처음부터 끝까지 시간가는줄 모르고 봤습니다. 감독의 연출과 편집이 관객들의 약점을 정확히 잡아낸 결과 같습니다.  
20170219,7,믿고보는 배우 강하늘정우연기력에 깜놀!  
20170219,9,관람객재밌어요 감동적이구~~!  
20170219,9,경찰이 때릴때 너~무 무서운거 빼고 가슴이 아려오는 느낌을 받았어요! 특히 정우와 강하늘이 눈물 맺힌 포옹을 할때 정말 !  
20170219,9,관람객좋디 좋았다 그들의 연기력  
20170219,10,관람객아빠랑 친구랑 같이 봤는데 셋다 만족할만큼 재미있네요!  
20170219,10,관람객오래간만에 영화를 집중하면서 볼수있어서 좋았습니다~ 주말을 알차게보낸거같아서 너무 기분이 굿입니다^^  재심!!추천합니다.  
20170219,8,영화가 이제 시작이구나 하니깐 끝이 남 ㅋㅋ  
20170219,10,몰입도 정말좋고 감동적임  
20170219,1,보다가 그냥 나올까 고민했네...나만 그런건가...  
20170219,5,관람객정우때문에 봄 영화는 역시 정우 하정우 정우  
20170219,8,관람객재심전문변호사!대단하십니다! 대한민국의정의로운변호사님들을응원합니다  
20170219,9,관람객배우들의 연기에 반했어요~^^  
20170219,10,오늘 심야영화로 봤는데요.그것이 알고싶다에서 봤던 기억이 있내요.박준영 변호사님 너무 존경스럽습니다.  
20170219,9,관람객끝이 뭔가 좀 허무하지만 재밌었음  
20170219,6,"연기는 정말 좋지만 연출, 각본은 별로..  "
20170219,9,지루하지않고 잔잔하게 볼 수 있었어요 기분 나쁘지않게 많은 생각을 하게 만드는 영화네요- 배우분들 연기도 너무 좋았어요!  
20170219,6,전반부에 비해 조금 진부하게 흘러가는 스토리가 아쉬웠지만 영화가 길지 않아서 지루하기 전에 끝나서 좋았음. 결말과정이 시원하게 풀리길 원했는데 그거까진 자세히 묘사가 안되고 그냥 끝나버려서 뭐지 싶었지만.. 볼만하고 배우들 연기가 진짜 짱  
20170219,1,"전라도 공무원에 의해서 일어났고, 우덜식으로 썩어문들어진 전라도의 사건을 그리는 영화인데 왜 영화 변호인과 결부되어 설명되고 왜 우리나라 공권력 전체가 욕을 먹어야 하는지 의문이 들 수밖에 없는 영화. 영화가 문제가 아니라 썩은 평론가들 해석이 문제.  "
20170219,10,관람객감동적인 영화  주인공들 연기력 좋아요  
20170219,7,관람객진범잡아서 너무잡아서 좋네요.  
20170219,10,관람객강하늘배우님의 연기에 소름돋앗고 정우배우님의  정의에감동받앗습니다.  
20170219,10,연기 한분 한분 정말 잘하시고 모두가 봤으면 하는 영화입니다!  
20170219,9,관람객정우와 강하늘의 연기력에 감탄하였지만 스토리 마무리가 어색하여 기빠진느낌..  
20170219,10,영화와 감동과 재미를 떠나서 이영화는 온국민이 진실을 알아야된다 잘못을 바로 잡는것을  
20170219,8,"관람객잔잔한 내용, 좋은 연기였습니다  "
20170219,10,관람객실화를 바탕으로 다룬 영화여서인지 현실감이 극적으로표현된 영화인거 같습니다 잘만들어진 영화를 보았습니다  
20170219,10,관람객실화라서 더 감정이입이 재미있었습니다.  
20170219,10,관람객꼭 봐야하는 영화 배우들의 연기도 좋았고 끝 마무리도 깔끔해서 좋았습니다 실제 사건 다시 찾아서 봐야겠어요  
20170219,10,진짜 대한민국에 정우같은 변호사들이 존재해야한다  
20170219,10,관람객최근에 봤던 한국영화중 몰입도최고  
20170219,9,관람객재미있었습니다ㅌㅋㅋㅌ  
20170219,10,관람객재밌어요 ㅋㅋㅋ 굿굿굿굿 ㅋㅋㅋ  
20170219,10,관람객한국영화의 발전에 건배! 배우들의 물오른 연기에 찬사! 특히 김해숙님의 연기는 비운의 어머니상에선 원탑임을 해바라기 이후 재증명!  
20170219,10,관람객정우와 강하늘의 연기케미 그리고 진정성있는 연기들 너무나 재밌었습니다!!  
20170219,9,영화는 재밌고 연기도 좋았지만 근본적인 문제는 수사권이 얼른 경찰로 넘어와야한다. 그래야 이런 문제가 없어진다.  
20170219,10,정우라우강하늘 연기 굳 스토리 아쉽지만 감동적이고 재밌었어요  
20170219,7,실화를 바탕으로한 영화여서 공감있게 보았습니다.하지만 실제  변호인과 극중 변호인이 생각했던거랑 좀 다르게  묘사가 된부분이 많아서 크게 와닿지는 않더군요...  
20170219,9,"살면서 영화평점 처음으로 남깁니다... 배우의 명연기, 감동을 잘 이끌어 내서 너무 재밌게 봤습니다ㅋㅋ 너무 재밋어서  오줌도 참으면서 봣네요  "
20170219,9,처음에 판사가 변호사 훈계하는 장면 진짜 오글. 그렇게 직접적으로 캐릭터 소개안해도 충분히 이해할수 있었는데 아쉬워요.. 다방 여자도 사족같은 캐릭터.. 그럼에도 불구하고 최고의 영화! 메시지 흐름 몰입도 완벽! 마지막 대사 실제 변론 내용이던데 대박  
20170219,7,관람객시간가는줄모르고 빠져봤넹~ 조금아쉬운건 재심임만큼 재판과정도 시원하게 전개되었음 더 좋았겠다는 생각이 들었음  
20170219,8,관람객재밋긴한데 마지막부분가면서 좀 지루해요ㅠㅠ  
20170219,8,관람객기대한것보다재미있습니다  
20170219,10,큰기대는 안했었는데 너무 재밌게 봤다.  
20170219,10,관람객마무리가 아쉬웠지만 배우분들 연기력이 정말 좋네요 재밌게 봤어요!!  
20170219,9,대한민국의 현실을 다시 한 번 일깨워주는 영화. 강추합니다..!  
20170219,10,간만에 억지감동이 아니라 진짜감동을 느꼇네요 영화 정말 재밌게 봤어용  
20170219,1,"음,,,상황설정등이 좀 억지스럽고 개연성이 없었다. 형사들이 갑자기 증인잡아가고 변호사잡아가고ㅡ 전북지역사투리 그렇게안심한데 완전 광주,전남쪽 사투리마냥심하게쓰고 글고익산은 바닷가아닌디  바다나오고ㅡ아무리 실화라지만 괜히정우 멋지게포장하려는게 좀심했음  "
20170219,10,보는내내 가슴을 치게 만드는 영화입니다...재미를 떠나서 꼭 보세요 ㅠㅠ박준영 변호사님 진심으로 존경합니다 감사합니다 강하늘씨 정우씨 연기에 진심이 전달되네요 더욱 먹먹해집니다...  
20170219,10,말이 핑요없네요... 강추합니다! 정말 재밌게 봤습니다ㅎㅎ  
20170219,10,관람객연기대박너무재밋어요강추  
20170219,10,관람객팟빵 청정구역 재심편에 박준영변호사편 들으시고 보면 감동이 배가 됩니다.  
20170219,8,관람객실화 소재라 더 마음아프고 답답하기도 하고 화도났어요  다시는 이런 일이 일어나지 않아야 할텐데 ㅠㅜ그와중에 정우 & 강하늘 연기는 역시는 역시였구요특히 정우님의 생활 연기 속 디테일 넘나 좋음  
20170219,9,"관람객결말이 매우 당혹스러웠지만 그래도 재미는 있었고 , 뭐 영화는 사람마다 느끼는 감정이 다다르니  "
20170219,8,관람객배우 정우님과 강하늘님의 호흡이 잘 느껴졌다.  
20170219,7,관람객쏘쏘 ~찡하네여 정우씨 연기 잘해용 ㅎ  
20170219,8,관람객영화 끝난 후에도 돈이냐 정의냐 여운이 많았습니다  
20170219,10,관람객우리는 이 영화를 통하여..정말 많은걸 아직 배우고 느껴야된다배우들의 연기력또한 정말 실제와같은 감정이입이 같이느껴져 너무 재미잇게 잘보앗다. 추천한다 그냥  
20170219,10,사회에 주는 메세지. 중간중간 소소한 웃음. 아는 사건임에도 몰입 제대로 되어서 봤다. 그만큼 연기가 좋았다는 방증이다. 진심에 눈물이 왈칵 터지는 순간도 있다. 최고의 영화!!  
20170219,10,박수쳐 쌔게쳐 계속쳐!  
20170219,8,관람객강하늘 연기가 이번은 좀 평범해요  
20170219,10,관람객간만에가슴따뜻한영화봤습니다 개인적으로강하늘별루인데요 정우가그부분을잘매꿔준듯요 미안하다우리가사과할께하는부분에서는눈물이..저렇게억울한사람들이실제로그렇게많다는대요 힘권력정치 한국이라는사회가참씁쓸하기도하고그나마저런변호사가있어서다행이라는생각도드네여  
20170219,10,진짜 너무 몰입하면서 잘봤습니다.평점 거의 안하는데 안할 수가 없게 만드네요ㅎㅎ배우분들 연기 너무 좋았습니다.감사합니다 좋은 영화 만들어 주셔서ㅎ  
20170219,8,마지막장면만 좀길게하고 멋있게하면 더좋은영화이엿을텐데 그래도 충분히 좋은영화였다  
20170219,10,재밌습니다!! 꼭보세요  
20170219,10,배우들 연기도 좋았고 시간을 내서 봐도 될만큼 좋은 영화였습니다. 강추합니다  
20170219,10,강하늘..정말 너무 멋있네요  
20170219,9,끌어오르는 감정연기 덕분에 아직도 가슴이 먹먹하다.  
20170219,10,관람객영화가 너무 감동적이였다.  
20170219,10,꼭 보세요 저는 그알싶도 보고 관람했는데 펙트를 많이 사용함  
20170219,10,진심 가슴이 몇번이나 먹먹해졌는지...감동과 재미도 있구..무엇보다 실화라서 더 감동 그자체네요!!  
20170219,10,두배우 연기 정말 쩔더라.ㅎㄷㄷ너무나 리얼한 연기에 실화라는 사실이 기가막히고 끝나고도 먹먹하고 집에와서도 생각하게 하는 영화..정우 넘 멋있게 나왔고 강하늘 어찌나 불쌍하게 나오는지 맘찢..ㅜㅜ두배우 팬됬다.강추!!  
20170219,8,관람객볼만합니다. 배우들 연기는 좋은데 스토리 와 전개가 빈약합니다  
20170219,10,영화로라도 정의로운 세상을  
20170219,5,기대한것보다는 좀 이하지만 괜찮은 영화인것 같아요  
20170219,9,관람객재미있습니다가볍게 보기좋은 영화  
20170219,8,관람객전북사투리 안심하고 저렇게 촌은 아인디  
20170219,10,너무감동적이다너무슬픈현실이다  
20170219,10,관람객배우들의 연기가 돋보였던 시원한영화  
20170219,10,관람객너무 감동적인영화실화인게 너무 가슴아픈영화였어요 살인마가 아니라는 말이 얼마나 듣고싶었을지..  
20170219,10, 꼭봐야할영화!정말..뭉클하네요  
20170219,8,연기도 좋고  내용도 좋았는데 아쉬운건 마지막 법정씬이 너무 아쉽다 제작비가  부족했나? 마지막 법정씬에서 딱 10분만 카타르시스 줄 수 있게 했으면 이 영화 최소 500만이상인데...그냥 줄여버린게 아쉽다  
20170219,7,볼만한 정도.. 연기도 좋았지만 마지막에 너무 싱겁기 끝남  
20170219,10,결말이 살짝 갑자기 끝나는 느낌? 을 받았지만 뭉클해지는 영화네요 ㅠㅠ  
20170219,10,정의가 통하는 대한민국을 꿈꿔봅니다!  
20170219,9,관람객쫄깃쫄깃한 전개 하지만 마지막 2%가 아쉽네요 어떻게 누가 증인했는지도 나왔더라면 하는 아쉬움이 있었습니다  
20170219,9,관람객억지 감동도 없고 신파도 없고 강하늘 연기는 그 나이대 탑인것 같네요오늘부터 팬할라구요기승전결이 뚜렷하지않다고들 하는데 그런 영화 좋아하는 저로썬 매우 재밌게봤네요 억지 반전과 진부한 복수가 없는점도 좋았음  
20170219,8,관람객실제를 바탕으로 만든 영화라 그런지 몰입도 최고  
20170219,7,관람객연기력?상황몰입도 모두 좋았고 너무 집중했어요.마지막의 전개상 너무 딱 끝나버려서 아쉬운거말고는 굳!  
20170219,9,관람객역시 믿고보는 혜숙언니  
20170219,10,관람객헬조선이라는 말이 생겨난 이유를 알 수 있게 해주는 영화  
20170219,8,진짜 강하늘 연기근데 계속 열받고 화나는 전개만 하다 끝남 마지막 사이다처럼 재판 땅땅땅까지 나왔으면 더 속시원했을듯..그런면에서 8점★ 내용은 진짜 좋습니다!  
20170219,8,관람객웃음포인트도 많고 재밋네요  
20170219,1,진짜 잼없다~~연기  너무들 못한다 상황구성력도 넘떨어지구~ㅠ  
20170219,10,관람객가슴이뭉클하고 감동이었습니다  
20170219,9,이 영화를 보고 암이 나았습니다  
20170219,8,관람객정우와 강하늘의 명연기 볼만했다.  
20170219,10,정우 연기 미쳤다.... 잠재력만 보면 훗날 이병헌 송강호 김윤석급....  
20170218,9,관람객너무 잼있게 잘봤어요....  
20170218,7,관람객실화를 바탕으로 제작됐다는게 너무 안타까웠어요. 마지막에 시원한 한방이 있었으면 더 좋았을텐데 살짝 아쉬웠네요.  
20170218,10,관람객씁쓸하지만 내가 할 수 없는 선택에 대리만족했네요..  
20170218,8,'갑자기 끝난 영화'라는 느낌이...요즘 같아서는 그렇게 끝나는 것 보다는 그들이 처벌받는 것을 보여줬으면 더 좋았을것 같은 생각이 듭니다..  
20170218,10,지루할틈이없이 너무잘만들었어요정우눈빛연기정말 ..같이울게만드네요  
20170218,8,관람객별생각 안하고 본건데 재미있었어요  
20170218,9,관람객믿고보는 쓰오빠 재밋어요  
20170218,9,관람객두 배우 연기가 다들 좋습니다  
20170218,8,관람객나름 볼만 했어요 후회할 영화는아닌듯  
20170218,10,관람객부적격한 자들의 공권력이 얼마나 사회를 아프고 병들게 만들고 있는지 가슴깊이 느낄수 있는 영화다. 썩은 기득권자의 부패한 악습적 행태를 이런 영화를 통하여 조금이나마 정화시킬 수 있으면 한다.  
20170218,10,배우들  연기도 좋고 스토리도 탄탄하다  
20170218,10,진짜 법정 안에서 생각치 못한 증거가 나온다던가 화려한 말솜씨로 검사를 이긴다는 그런 예상한 스토리가 아닌 정말 사회에 있는 억울하게 누명을 쓰게 된 사람들의 심리를 잘 표현한 영화 눈물을 억지로 쥐어짜는게 아닌 사실로 가슴을 먹먹하게한다 추천합니다.  
20170218,5,관람객실화를 빙자한 속 보이는 픽션  
20170218,10,하.. 보고 울었습니다 개사이다  
20170218,10,수작이라고 생각됩니다 꼭 보시길..  
20170218,5,연기 명품 연출  중급 대사가 너무 식상했음시사하는 바가 있는 작품이지만 그동안 봐왔던 종류의 영화였음 아쉬움  
20170218,9,강하늘 정우 합이 너무 좋네요 ㄹㅎㅎ  
20170218,10,관람객만족스러운영화12345  
20170218,10,관람객정말 재밋게 봣어용 ㅋㅋㅋㅋ  
20170218,8,관람객스토리좀 약한데 강하늘 연기는 짱  
20170218,8,관람객재미있게 보구 또 한편으론 화가나게보구나중에라도 죄가 없어져서 다행이지만앞으로는 억울한 일이 모든 사람들에게 일어나지 않기를 바랄 뿐  
20170218,10,"영화 개봉일에 봤는데 몇시간만에 평점이 좋길래 많이 기대 안했습니다.보고난 후 진짜 인생영화라고 생각이 되었고, 실화를 재구성한 것임에도 불구하고 더 흥미로운 영화였고 배우들의 연기도 매우 좋았습니다.  "
20170218,10,내가 본 영화중에 최고였다. 배우의 연기와 사건을 아주 현실적으로 잘 표현한 ( 다듬어지지 않았지만 그것이 참 좋았다.) 영화다.  
20170218,8,관람객모든 배우분들 연기 탄탄..내용은 너무나 익숙한 부조리한 한국 사회 답답하네요 부정할수없는 돈으로 다 되는 세상  
20170218,6,관람객아부지가 영화즐겨보셔서 같이봤습니다 최근 공조 보시고 그냥 별내용도 없고 재미없다고 하셨는데 그냥 같은급이라고 6점 주라고하시네용ㅎㅎ  
20170218,10,경찰 준비하고있는 수험생입니다 영화보면서 느낀것도 많고 배운것도 많은것같습니다 마음을 정말 울리네요..  
20170218,6,이 흥미롭고 좋은 소재로 참 못만들었다..  
20170218,9,관람객재미있었습니다. 결말이 제 기준에는 약간 아쉬워서 9점 드립니다.  
20170218,10,관람객정말재밌게봤어요추천합니다  
20170218,7,관람객기대가컸네요.  찝찝한느낌  
20170218,8,관람객배우들의 연기 짱!!실제 사건이라니 놀랍다. 그러나 헐탈한 결말?  
20170218,8,관람객초반 몰입 좋았는데 막판 마무리 아쉽네요~그럭저럭 볼만합니다  
20170218,9,관람객몰입도가 높아서 좋았습니다. 정우와 강하늘의 연기가 빛난 영화.  
20170218,10,연기와 연출의 힘이란 무엇인지 보여주는 영화변호인에 버금가는 수작의 탄생.  
20170218,8,관람객맛깔라는 연기에 딱딱할수있었던 스토리에웃음을주었다.ㅎㅎ  
20170218,10,관람객너무재밋어요 욕시 정우 명품연기  
20170218,9,관람객정의는 승리한다.!!!  
20170218,10,명연기 진짜 잘봤습니다...:  
20170218,10,배우들연기가정말쩡네요:)  
20170218,9,관람객정우의 연기가 빛났습니다.  
20170218,10,영화 구성도 괜찮았고... 무엇보다 김해숙 강하늘 정우... 셋의 미친 연기.. 평가할 수가 없는 연기들이었어요. 많은 사람들이 보았으면!  
20170218,10,"방금 보고 와서 남기지만... 진짜 여운이 계속 남을 정도로 재미있게 봤네요!!! 웃음, 감동, 눈물....화도 치밀어 오를때도 있지만.. 그래도 기대이상으로 너무 재미있게 봤습니다!!!  "
20170218,10,볼까말까 고민된다면 꼭보세요...더럽고치사한나라.. 그래도 억울함풀고 잘살고있어서 다행ㅠㅠ  
20170218,6,히말라야 처럼 너무 인위적인 감동을 줄려는것 같구요 스토리가 전개가 매끄럽지 못해요  연기자들 연기는 참 좋구요  
20170218,7,실화라서그런지 확실히 내용은 밋밋하네요..재미가 없는건아닌데 그렇다고 딱히 잘만들었단생각도 안들어요 ㅠ 그냥 평범~ 중간중간 억지스럽게 이어진부분도있고 동화처럼 착한사람이 승리한다 이런느낌..?  기대많이했는데 실망..연기도 자연스럽긴하지만 실망..  
20170218,10,두분 배우 연기력으로도 꽉 차네요  
20170218,1,연기는 정말 훌륭했으나 식상한 연출은....오글거립니다.  
20170218,7,관람객끝이너무허무했어요...  
20170218,10,"연기, 진행 모두 좋아요~  "
20170218,5,관람객결말이 화면으로 더 궁굼한 영화... 결혼 두아이의 아버지가 되었다던데... 극중 여자 수정이랑 잘 됐을것같다.  
20170218,10,훌륭한영화입니다. 아 진짜 짭새들 더럽다  
20170218,8,관람객작품성과 멋진 이정우의 열연~~ 옛날에는 정말 그런일이 많았을듯 씁쓸한 마음이 들기도 하네요~~~  
20170218,9,"실화라서 마음이 아프고, 연기는 훌륭했다. 최근 본 영화 중에 가장 감동적이다. 변호사님이 존경스럽다.  "
20170218,10,"관람객시간가는줄 모르게 잘 봤습니다. 영화보면서 잘안우는데, 피해자와 피해자가족의 사연이 너무안타깝고 억울함에 가슴이 너무아프고 이게 실화라는사실에 더 화가나더라구요. 안보신분들 꼭보세요. 추천합니다!  "
20170218,9,관람객자기 사의 욕심으로  한 소년의  억울한 삶이 이 시대의 힘없는 약자를 말 하는 것같아  화가나면서도 가슴아팠습니다.  
20170218,8,"관람객정우, 강하늘 화이팅!  "
20170218,10,시원했습니다 열자압박  
20170218,9,제2의 변호인을 본 기분이네요. 추천합니다!!  
20170218,9,관람객드리마였으면 좋았을 걸. 영화에 다 담기에는 좀 부족함이. 사회의 부조리를 찾아내어 단죄하는 부분에 비중이 실렸으면 좋았을 걸 하는 생각이 들네요. 2시간에 다 담으려다보니 재심과정이 매우 빨리진행되고 결론장면도 자막으로 안내한 것이 무척 아쉬웠어요.  
20170218,1,리갈하이 같은 법정드라마 기대하고 갔는데액션 영화가 나옴레인지로버 수리비 내다가제작비 떨어져서 법정신 못찍었나?  
20170218,9,진짜 명연기였어요!!  
20170218,6,실화였기에 뜰수있는 영화. 감당도 못할거면 제발..  
20170218,7,"추리, 웃음, 눈물, 브로맨스 여러가지를 섞어 낼려 했던 퓨전요리 지만 맛은 한식  "
20170218,10,관람객오랜만에 사이다같은 영화가 나왔네요. 그것이 알고싶다를 통해 본 사건이지만 다시는 이런 일이 일어나지 않았으면 하는 바람으로 보았습니다. 배우들의 열연과 어우러져 잠시도 눈을 뗄 수가 없을만큼 감동적이었습니다. 재심 화이팅!!  
20170218,1,제가 생각한 평점은 6.7이 정닥한 것 같은데 알바가 너무 많은 것 같아서 이렇게 드립니다배우연기빼고 다 진부했습니다. 연기가 스토리 영상미 연출력 다 끌고 오는 듯...  
20170218,6,관람객예고편만큼 재밌지는 않네요  
20170218,10,영화 감동적이고 배우들 연기 굿입니다. 마지막 변호하는 장면 기대했지만 앞에서 다 보여준 내용이라 생략하는게 맞는거 같아요. 근데 요즘세태에 어울린다는 평이 보이는데?16년전의 사건이에요. 요즘보다 옛날에는 이런 일이 훨 많았을거에요.  
20170218,10,관람객정말 재미있네요 ㅎㅎㅎㅎ  
20170218,10,간만에 정말 잘 만든 영화인 것 같아요 배우들이 부드럽게 감정을 잘 녹아들게 연기했기에 더 빛을 보는 것 같네요!!  
20170218,10,관람객실제로 억울한사람들이 알려지지않아서 그렇지 훨씬많을것같다는 안타까운 현실과함께 잘 해결되서 다행입니다  
20170218,7,관람객그냥그래요 살짝지루하기도해요  
20170218,10,관람객와 꼭보서요 강추입니다  
20170218,10,굿굿인생영화한번더보고싶어요  
20170218,9,관람객재밌었지만 마지막이 허무  
20170218,7,연기는 좋았는데 좀 억지스러운게 없지않아있었음  
20170218,10,관람객너무재밌었어요~~~~  
20170218,10,기대없이봤는데 잘보고왔당...  
20170218,10,우리사회에 이런부분이 있었다는게 놀랍고사회적  약자를 대변해주어야할 힘있는자들이 자기만 살겠다고 약자를 희생시켰다는게 안타깝습니다  
20170218,10,웃다울다안타깝다 하는 영화에요. 보고나면 나도 누구에게든 조금이라도 도움되는사람이 되고싶다는 여운이 남는 영화~  
20170218,9,관람객강하늘잘생겼다 정우연기잘한다  
20170218,10,관람객노잠입니당노재재잼잼잼  
20170218,10,관람객연기력들이 다들 좋네요~  
20170218,10,매우 뜻깊었던 영화..  
20170218,1,지루하고 이제 정의구현하나? 할때 끝나버리고 참..  
20170218,10,관람객연기..대박임감동과웃음이가득했어요덕분에생일즐겁게마무리할수있어좋았어용영화가너무재밋어서시간가는줄몰랏네요 짱짱!!  
20170218,9,관람객정의란 무엇인지우리가 살고있는 사회의 어두운면과 신념에 관한 고찰  
20170218,7,정우 연기 보고 싶어서 봤어요 나쁘진 않았는데 또 그렇게 재밌진 않네요 억울한 사람이 없는 세상이 왔으면 좋겠어요  
20170218,8,관람객굿~ 재미있네요~ 추천입니다!  
20170218,8,관람객재밌네요 연기가 하나같이 훌륭해요 마지막이 조금 아쉬웠지만 흥미진진하고 안타깝네요  
20170218,1,평면적인 캐릭터들의 향연으로 싸구려 신파극 범벅이 된 영화  
20170218,8,관람객나름 감동적이고 마지막에 실화라는걸 알고 더 인상깊었다  
20170218,9,재미있네요... 강하늘 연기대박...  
20170218,10,관람객배우들 연기력이 좋았다. 대한민국은 가진 자는 살기 좋은 나라라고 하던 정우의 말이 인상 깊었음 사회 곳곳에 존재하는 송곳 같은 사람들이 반가워지는 영화였음. 실화가 가진 묵직함이 느껴져서 굿  
20170218,8,관람객보고서 기분좋게 나온 영화배우들 연기칭찬합니다!!최고!  
20170218,8,관람객보면서 참 안타깝고 슬퍼서 우리나라 현실이 안타갑다라는 생각이드네요  
20170218,8,관람객괜찮은것같아요 부모님 모시고 봤는데 마지막이 좀 아쉽기도했지만 재밌었어요  
20170218,10,관람객변호하는거까지 나왔다면 더 재밌었을듯 똥싸다 만느낌  
20170218,8,관람객꽤 볼만했어요~참고로 사투리는좀...  
20170218,10,관람객아직정의가살아있음을느끼고아이들에게도움이된것같아기뻤습니다  
20170218,9,기다렸던 영화여서 기대하면서봤어요 실제사건을 관심있게 본 저로서는 감독님이 정말 많이 극대화시켰구나 생각들었네요 특히 담당형사를 완젼 대박악역으로..물론 실제로도 두말할것없이 나쁜**지만..하지만 거부감들지 않고 잘 봤어요  
20170218,9,관람객배우들 연기에 몰입이엄청좋네요  
20170218,8,관람객조금만  더 감동이 있었으면 하는아쉬움~~~  
20170218,7,ㅜㅜ사건증거 모으는거에 초점을 맞췄으면좋았을텐데  
20170218,8,세상참힘들다는것을알게됨  
20170218,8,연기 스토리 좋다 근데 드래곤볼 모아놓고 사용하는 장면을 날려버린 느낌이다. 열린 결말도 좋지만 이제 좀 확실하게 끝내는 결말 좀 ..  
20170218,10,잘봤어요 오랜만에111  
20170218,7,관람객정우랑 강하늘 연기는 최고입니다  
20170218,7,관람객우리나라 요즘분위기에 보기에 좋은 영화예요. 정의를 실제로 할수있다는 믿음보다 우리도 움직일수있다고 얘기해주는영화죠!  
20170218,9,볼매예요^^ 재미있서요^^  
20170218,10,경찰들 어떻게 됐나요ㅡㅡ  
20170218,9,관람객결말을 좀 더 보여줬음 더 좋았을듯해요 ㅎㅎ 그래도 너무 재밌게 봤고 배우분들 연기가 넘 좋았어요  
20170218,9,현 시국을 싸늘하게 비판하는 영화. 약간씩 끊기는 스토리 전개가 살짝 아쉽긴했지만 배우들 연기가 좋아서 다 커버되네요. 동주때도 그랬지만 주인공의 감정을 과장되지않게... 진실하게 전달하기 위해 노력한 강하늘씨 연기가 참 좋았습니다.  
20170218,10,관람객배우연기도넘넘좋고마음이아팠습니다^^  
20170218,10,관람객아주매우많이재미있음진짜좋으다 짱잼이였음  
20170218,10,관람객정우와 강하늘 연기가 참 좋았습니다 :) 감동적인 영화였어요ㅠㅠ 강하늘 너무 잘생겼어요!  
20170218,10,이 시대를 살아가는 대한민국 국민이라면 꼭 봐야할 영화.  
20170218,10,관람객너무너무화가나네요 ㅜㅜ 현실이라  
20170218,8,관람객너무 슬프고 잼있었어요.. 근데 끝이 좀 허무하네요  
20170218,8,관람객조금 허무하게 끝났지만 그래도 배우들 연기도 좋었고 재미있었습니다  
20170218,6,괜찮은 다큐멘터리 드라마!  
20170218,10,결말이 나왔으면 좋겠다고 생각했던점에서 약간의 아쉬운점은 있다  
20170218,10,꼭 봐야하는 영화...분해서 울고 안타까워서 울면서 보았던...  
20170218,4,관람객너무지루햇음  통괘한것도없고  
20170218,10,관람객재밌었어요 마지막에는 살짝 허무. 어머니가 엄청 재밌다고 하시네요.  
20170218,10,관람객최군에게 대신 사과합니다!  
20170218,7,관람객쏘쏘낫 배드즐겁ㄱ ㅔ 잘 보앗습니다  
20170218,8,참... 보면서 정말 이게 실화였다는게 믿기지가 않았다  
20170218,6,실화를 바탕으로 만든 영화였는데 대사나 설정이 너무 과장되고 작위적이었다. 전작에서도 느꼈지만 감독이 공권력에 감정이 많은듯... ㅎㅎ  
20170218,10,믿고 보는 강하늘이네여  
20170218,10,강하늘 정우 연기 너무 잘함 ㅎㄷㄷㄷ  
20170218,9,관람객재미있게 잘봤습니다.  
20170218,9,관람객아주 재미있었다. 특히 정우가 멋있었다  
20170218,9,관람객너무 재밌어요~ 재밌게 봤어요  
20170218,9,결말을 완벽하게 했음 더 좋았는데 아쉬워요 영화덕분에 박준영 변호사를 검색하게 됐네요  
20170218,10,관람객넘넘 감동입니다~~^^  
20170218,1,진짜반전없는영화인듯..끝나자마자 사람들 엥?이게끝?ㅋㅋ  
20170218,10,너무 억울하고 분통해서 울고옴...  
20170218,9,관람객코수술후 다음날 봤는데.. 울면 안되는데 울어서 더 부었어요배우 강하늘을 다시 한번 보게 되었네요 엄지척  
20170218,9,왠지 모르게 화가 났던 영화 ... 괜히 보는 내내 슬펐고 저런 게 우리 나라의 현실인가 싶어서 괜히 씁쓸해지기도 했던 영화입니다 ㅠㅠ  
20170218,10,관람객행복은 돈이라생각했지만 그렇지않다라는걸 또한번느꼈지만...음...글쎄  
20170218,10,관람객짱입니다 꼭 봐야되는 영화같네요  
20170218,10,배우들 연기 정말 최고입니다  
20170218,10,관람객정말 재밌습니다아아아아  
20170218,7,관람객되게스토리는좋았지만배우들이조금아쉬웠다!!  
20170218,10,요즘세테에  잘어울리는 영화네요재미있게  잘봤네요  
20170218,8,"관람객배우들이 진짜 짱,,, ㅠ재밌음  "
20170218,8,감동적이고 다 좋은데 결말 구성이 너무 아쉬워요ㅠ  
20170218,9,관람객실화를바탕으로 아주 알차게 구성했네요. 연기두 너무 좋고 영화도 정말 재밌게 감상했습니다. 추천합니다!  
20170218,8,연기 진심 대애박이다역쉬  
20170218,7,정우랑 강하늘 연기력땜에 영화가 삼 다른사람들은 별로  
20170218,7,예고편 보고 봤는데 사건은이해하지만 영화는아닌것같다  
20170218,10,관람객정우 강하늘 연기 오진다.  
20170218,10,관람객너무재밌어요~~~~!  
20170218,10,관람객진실이 밝혀져서 다행입니다  
20170218,10,아 연기!!눈물나고  가슴아팠다가  
20170218,10,관람객존잼탱 배우들 전부 연기잘함! 근데 마지막이 좀 아쉬웠어요ㅠ  
20170218,6,의도와 의미 모두 좋았으나 감독의 역량 부족이 아쉬웠던 영화.  
20170218,10,관람객배우들이 그 캐릭터에대해 감정이입을 하면서 연기했던 모습들이 기억에 남는다.  
20170218,6,관람객배우들의 훌륭한 연기력만으론 커버할수없는 연출  
20170218,10,관람객재밌게 잘봤습니다~!!!  
20170218,10,관람객짱짱매애애애앤 빼애애애애앰  
20170218,10,관람객너무 재미있어서 두시간이 가는지도 몰랐어요!  
20170218,10,감동적이였어요!!!  
20170218,10,너무 연기잘하시고 감동적이고  재밌는 영화였어요`~  
20170218,8,ebs초대석에 나온 이준영 변호사 편 한번 보세요. 무료로 볼 수 있는데 영화보다 더 재미있습니다.  
20170218,7,실제 사건을 몰랐던 사람들에게 알리기 위함이면 성공이겠지만 글쎄..이렇게 좋은 소재를 맹탕으로 활용하기도 쉽지 않은 것 같다. 연출적인 부분에서 아쉬움이 많았던 작품.  
20170218,2,지겨워요 실화가 1점에서 2점으로 올려줘요.  
20170218,10,영화보면서 이렇게 시간가는줄 모르는 영화 아바타 이후 첨이네여 일단 보세여 후하  
20170218,9,"창환 역할이 납득되지않습니다. 이동휘 배우는 코믹하고 가벼운 역할의 최고지만, 창환역에는 그다지 어울리는지 모르겠어요! 하지만 정말재밌었습니다. 강하늘님의 연기력이 부러웠습니다.  "
20170218,10,관람객너무 재미있었습니다.  
20170218,10,관람객경찰과 검찰의 부조리에 화가치밀어 올랐다...  
20170218,8,"마지막은 조금 아쉬우나 볼만한 영화임.시사하는 바가 크므로. 정우,강하늘 연기 쩔고.  "
20170218,10,정말 멋있는 영화...직업정신에 대해 다시한번 감동을 주는 영화였다  
20170218,10,관람객너무 마음아팠지만 따뜻했던영화..우리나라 현실에 너무 마음이 아픕니다 ㅠㅠ시간이어떻게가는지도모르고 너무 잘보고왔습니다!  
20170218,7,관람객몰입감은 있긴한데 쪼메만 더 연결되는 장면있었음 좋았을텐데 그래도 볼만했네요  
20170218,9,강하늘 연기 정말 좋았고 주조연 할것없이 다들 연기잘해서 더욱 몰입할수있었음~~가슴먹먹한 영화  
20170218,10,관람객너무재밋엇어요 ㅠㅠㅠㅠ다들연기가 휼륭...정우 짱 ㅎㅎㅎ  
20170218,10,스토리나 전개가 정말좋네요  
20170218,10,굿굿 방금 보고옴 배우들 연기 쩌러요 몰입도 굿  
20170218,9,관람객세상에 이런일이 ...이세상엔 나쁜사람도 많지만인간다운 사람도 많아 이 세상이 돌아가는듯합니다.감동적이고 마음이 아프기도...  
20170218,1,"솔직히 초반에는 재미있었는데 가면갈수록 엉망의 개연성, 말도안되는 스토리 전개, 기대했었는데 대 실망을 하게만드네요 연기력은 좋으나 솔직히 감동도 없고 재미도 없고 정우와 이동휘가 친구사이인데 갑작스레 틀어지는것 부터해서 후반대는 대충 만든티가 납니다  "
20170218,10," "" 재심 ""올만에영화다운 영화같음!! 스토리 탄탄하고 배우들의연기력 미친거같음 지금 보고왔는데 아직도여운이 남아요 ㅠㅠ 마지막엔 눈물이 ...관객들도 모두숨죽이고보는데 몰입력 말로표현못함!!! 또보고싶당 ㅎㅎ천만가자!!move  "
20170218,6,각색했는데 실화보다 별로..  
20170218,10,"우리나라 모든 경찰, 검찰, 판사, 변호사가 꼭 봐야할 영화!속이 후련해시고, 눈물도 나네요.처음으로 10점 만점 드립니닷!^^  "
20170218,1,노잼 ㅋㅋ 평점 다 알바임  
20170218,10,최근 본 한국영화 중에 가장 재밌었다!  연기파배우들 !남친이랑 시간가는줄모르고 봤네용~~ 흥해라♡♡  
20170218,10,관람객법앞에 모든사람이 평등하다는걸  
20170218,10,강하늘쥑임 정우도 쥑임  
20170218,9,정우ㆍ강하늘ㆍ이동휘~~~연기정말 최고 영화몰입도최고입니다. 영화 내용도 진정성있는 영화 뭉클하네요  
20170218,8,관람객실화라고해서 호기심에보았는데 재미있고 감동  
20170218,10,관람객마지막은 좀 그랫지만내용은 볼만 햇어요~  
20170218,8,관람객ㅠㅠ끝이 너무 아쉬웠어요.중간에 끝난느낌???? ㅠㅠ 그래도 재밌게봤습니당..ㅎㅎ  
20170218,10,관람객굿 재미굿 흥미굿 헬조선 낫굿  
20170218,8,관람객마무리가 좀 아쉬웠지만 볼만했습니다.  
20170218,8,갈수록 너무 이쁘게 풀어내서 너무 뻔한거 아닌가.. 했는데 실화바탕 영화라는거에 놀랏네요 ㅎㅎ 요즘 윗분들이 시끌시끌 하다보니 그나물에 그밥으로만 생각했었나봐요~ 따뜻했어요 ㅎㅎ  
20170218,10,개오졌다. 진짜로. 배우들 더 좋아하게 됬다.  
20170218,10,연기파 배우들 여럿나와서 집중도 잘되고 부모님이랑 재밌게보고왔어요 ㅎㅎ  
20170218,10,진심 강추.. 작품성있고 감동적인 영화입니다  
20170218,10,관람객재밌었오요오오요어어우  
20170218,7,오늘 봤는데 솔직히 그것이 알고싶다가 더 재밌더라.  
20170218,10,전라도에서 실제 발생한 사건을 바탕 으로 만든 영화  
20170218,10,관람객현재 시점에 딱 맞는 영화였습니다! 영화 재심 건승입니다!!  
20170218,6,제가 기대를 많이 한건 가요? 아니면 영화가 노잼인지 ....  
20170218,8,관람객재밌었어요~엄마랑 오랜만에 좋은  시간되었네요~~~!!!  
20170218,9,관람객정우와.강하늘연기짱!!눈빛이ㅋㅋ  
20170218,10,연기 짱 너무 재밌어요 ㅠㅠㅠ  
20170218,9,관람객연기 다들 잘해요 특히 정우 짱  
20170218,1,아너무영화가답답해요 결말이뭐이따구로끝남? 답답한영화싫어하시는분 절대보지마시길.  
20170218,10,"감동, 그 자체입니다. 동생 손에 이끌려봤는데 너무 멋있더라고요. 보길 잘 한 것 같네요.  "
20170218,9,욕심부리지 않고 소소하게 알차게 잘 만든영화!  
20170218,10,관람객가족들이랑 웃고 울고 정우 완전 꿀잼 도롱용 넘해  
20170218,9,관람객개탄 분노 감동 배우들의 혼신어린 연기에 뜨거운 박수를...  
20170218,10,꼭봐야하는영화 배우들 연기너무 잘한다  
20170218,10,요즘 이런 재판이나 변호사 피고인 관련 영화와 드라마 가 만들어져서 너무 좋다. 세상에  모든 억울한 사람들의 누명이 벗겨졌으면 좋겟다  
20170218,1,"중반까지는 정말 재밌었는데, 중반 이후 너무 아쉽다... 배우들의 명연기가 아까울지경... 와중에 배우 강하늘의 발견.  "
20170218,10,관람객변호인과 같은 듯 너무 다른 연기력들 그리고 배우진 빵빵했던 조연들 너무 좋아ㅛ던거  
20170218,10,한번도 리뷰써본적없었지만 강하늘이란 배우를 다시금 대단하고 참배우라는 것을 깨닫게 해주는 영화  
20170218,10,주말저녁에 보기좋은 영화였다  
20170218,10,와우 방금 cgv**점에서 보고나왔는데요 재밌습니다.강추~~~살아있네 한국~~!!  
20170218,8,관람객감동적인 영화. 스토리구성이 조금 아쉬웠지만 볼 만함  
20170218,10,관람객기대이상!!재밌어여 강하늘짱  
20170218,10,관람객세상엔 억울한 사람이 많네요.  
20170218,8,관람객강하늘 연기 짱이예요!!! 정우도 멋있져요~  
20170218,9,관람객약촌오거리 사건은 그것이 알고싶다를 통해서 자세히?알고있었지만 이렇게 영화로 보니 참.. 마음이 아프면서도 재심을 통해 밝혀진 무죄가 얼마나 갚진것인지 알수있었습니다!  
20170218,7,끝날때까지 끝난게 아니다  
20170218,10,관람객그것이알고싶다 감동적  
20170218,8,관람객재밌습니다잼있습니다재미쓰니다  
20170218,10,관람객많은 사람들이 꼭 봤으면 하는 영화입니다!!!  
20170218,10,"내용도 깊고, 진했다 배우들 연기력 덕에 더 빛난던 영화  "
20170218,10,관람객배우들의 연기가 진짜 최고였다  
20170218,5,관람객생각보다는 별로였어요..ㅠ기대를많이했었는데 끝도허무하고 뭔가 모자란듯한?배우들의 연기는 좋았습니다.  
20170218,9,연기 굿굿굿 열글자 열글자  
20170218,10,개꿀 한번 더 볼 예정!!!!  
20170218,2,"변호인의 하위 호완. 다루는 소재와 주제또한 비슷하나 지극히 현실적인 모습과 극히 악의적인 인물들은 영화를 보는 내내 인상을 찌푸리게 하였다. 연기력이 겨우 보게 만들었다. 새로운 영화, 그리고 시대의 흐름을 읽은. 작품을 원한다면 조작된도시를 보길.  "
20170218,10,이런거댓글 한번도 안달아봣는데 꼭보세요진심..  
20170218,6,관람객음...  무난한 영화임  
20170218,10,배우들의 탄탄한 연기력으로 지루할 틈이 없음....  
20170218,10,정말 너무나너무나 다행이다. 지금이라도 누명이 벗겨져서  
20170218,9,멋지다 박준영변호사님 감사합니다  
20170218,10,너무 억울한 사건이었네요 ㅠㅠ 아 가슴이 먹먹해요  
20170218,10,실제로는 경찰서 안에서 폭행당했다고 하던데..제가 약촌오거리 근방에 살고 있기도하고 해서 더마음이 아프네요.. 그간의 아픈 기억 다잊을수는 없겠지만 새로운 인생 사시면서 행복하시길..  
20170218,10,왠만하면 이렇게 안올리는데 진짜대박영화 아직도 여운이남는다  
20170218,10,평생 평점 처음 등록해봄대박 입니다.감동~~~완전 몰입했네요.좋은영화 감사합니다~♡  
20170218,7,관람객잘봤습니다! 제 점수는요 7점 드릴게요  
20170218,10,정말 대단해요!!역시 믿고보는 강하늘♡ 강하늘이 나오는 영화는 다명작인가봐요....  
20170218,10,연기 다들 정말 잘하네요  
20170218,9,관람객3시간 자고 봤는데 한순간도 안졸았음  
20170218,9,관람객몰입도가 최고였던 영화. 연기 구멍 없고 이해안되는 부분이 없었고 실화라 보면서 더 열받았던 영화.  
20170218,10,관람객영화 재심 재미있게 잘봤습니다  
20170218,9,관람객정우강하늘케미굿이엇습니다  
20170218,9,관람객여운이 남는 영화입니다.대한민국 법조인 파이팅  
20170218,10,갓정우 갓 하늘ㅎㅎ 꿀잼  
20170218,9,관람객재밋습니당 마무리는 조금 아쉬워도 ㅜ  
20170218,10,다시한번 볼 마음있음 짱이다  
20170218,10,너무 재밌어요!! 보는 내내 화나고 안타까웠던.. 강하늘 정우 두분다 연기도 진짜 잘해요..  
20170218,10,현실사회에대한 불안감과 공허감 참 놀랍다  
20170218,10,같은 익산사람으로써 죄송하고 보느내내 화가났어요. 이사건이 그것이 알고싶다를 통해서 처음 접했을때 학교가 그 근처라 지나가는데 익산경찰서 밖은 아무일도 없다는듯이 보여서 화가났었어요.  
20170218,10,"관람객정우, 강하늘 연기 너무 좋았어요!  "
20170218,10,명연기//대단하다 진짜 명작이다/  
20170218,10,관람객재밌게 봤습니다! ^^  
20170218,10,오늘 보고오는 길인데 정우 강하능 김해숙 한국배우들의 연기와 몰입 진짜 추천합니다  
20170218,7,적당히 볼만해요~~!  
20170218,10,관람객어머남. ㅁ재마썻랏요  
20170218,10,관람객재미도있고감동도있고좋았어요  
20170218,10,관람객재미뚬요감동임욤ㅋㅎㄱ  
20170218,9,관람객정우연기력 정말 최고!강하늘은 말할것도 없이 역시...역시는 역시  
20170218,10,관람객요즘 같은 시국에 꼭 봐야될 영화입니다.너무 재미있습니다. 울컥울컥 했습니다.  
20170218,10,정우와 강하늘의 연기에 감탄하고 또 안타깝고 감동적입니다..  
20170218,10,관람객재심 완전 재밋었다!!  
20170218,9,관람객변호인과 유사한면이 있습니다.  
20170218,10,관람객너무너무재밌어요!!!  
20170218,10,스크린 수가 왜 적은지 알겠네요..  
20170218,10,관람객너무 좋았는데 끝에다 아쉬웟어요  
20170218,9,관람객정우가괜찮앗습니다연기굳  
20170218,7,관람객조금은 아쉬웠던 영화. 마지막 엔딩장면에 영화의 흐름이 뚝 끊긴 느낌?  
20170218,6,관람객이제 사건진행이 되겠네 했는데 끝나서 마무리가 많이 아쉬웠다  
20170218,8,관람객연기력이정말좋았어요  
20170218,10,정우와 하늘이의 명연기를 보실수잇습니다  
20170218,10,긋굿굿10자10자1  
20170218,10,"이런 영화를 볼수 있다는 사실만으로도 많이 민주화가 된 느낌이네요. 연출/연기등 모든 면에서 ""변호인""과 동등한 수준의 대단히 훌륭한 영화를 만났습니다. 1000만 관객이 기다릴거 같습니다..  "
20170218,9,과거 유신정권에서나 있을 법한 일들이 최근에도 우리 주변에서 일어나고 있다는 것에...운이 없었다면 나도 피해자가 될 수 있었을지도 모른다는 사실에...더욱 놀라워하며 이영화를 감상했다. 특히나 마지막 정우의 멘트가 가슴에 남는다.  
20170218,1,관람객웅장하게 시작해서 그냥 끝남...   기승전 끝  
20170218,10,관람객보면 너무 화가남...형사 연기 진짜 죽이고싶음..너무달햐서  
20170218,9,관람객두남자의 브로멘스가 드라마틱하게 펼쳐지는 영화  
20170218,7,관람객재밌어요 한번쯤은 추천할만한영화에요  
20170218,9,관람객오우 집준해서 봤네요 연기력 대박입니다  
20170218,10,관람객많이 졸재미에영우하하할가어나  
20170218,10,명연기!!!마지막에 울컥ㅠㅠ  
20170218,10,명품배우들의 명품연기 ㅠㅠ 진짜 아직도 여운이...  
20170218,10,유튜브구독해주세요^.^https://youtu.be/8G5VPa0HBEc  
20170218,9,관람객정말정말 완전완전 재밌게봤습니다!!  
20170218,10,꼭 보세요 꼭 꼭 꼭 꼭봐요 꼭  
20170218,10,"정우, 강하늘 짱    그것이 알고싶다 짱  "
20170218,8,관람객재미있게잘봤읍니다.  
20170218,6,관람객전형적인 권선징악 한국영화. 타임킬링용으로 관람하기에는 괜찮으나 다소 유치함. 열린 결말 싫어하는 사람한테는 비추  
20170218,10,소소한 감동을 느낄수 있는 법정 영화.  
20170218,10,관람객가족끼리봐도되구요 ~간만에 정의로운 영화릉 보아서 좋네요!!  
20170218,10,관람객하하 재밌었어욤ㅋㅋㅋ  
20170218,8,관람객재미있지만 뭔가 모르게 몰입감 부족 하지만 실화인만큼 과거의 국가 기관의 잘못을 비판하는 마음으로 봐야하는 영화  
20170218,10,관람객실화를 바탕으로 만들어서 그런지 아주 잘 봤습니다  
20170218,1,"배우 연기와 영화 주제는 좋으나, 전체적인 영화 전개와 연출이 많이 아쉽습니다. 6점 정도로 생각되나  현재 평점이 너무 높은 관계로 1점 드립니다.  "
20170218,10,연기가 와 소름이었구요 너무너무 감동적이었고 박준영 변호사 같은 분이 많아졌으면 좋겠어요  
20170218,10,관람객배우들이 연기를 너무 잘하세요ㅜㅜ 재밌게 봤습니다!  
20170218,10,관람객있어서도 일어나서도 안될 억울한  세월 누가보상해주겠습니까 정말 슬프고 아픔  영화 잘보고왔습니다  
20170218,9,관람객재미있다 정우는 짱이다  
20170218,1,흔히 우리가 이름 알던 배우들이외에 나머지 배우들이 연기가 너무 엉망.. 보다가 몰입감이 떨어질 정도..스토리적으로는 억지적인 부분도 너무 많고...  
20170218,6,관람객잔잔한감동이였습니다  
20170218,1,난 분명 영화관에 재심 보러 갔는데 왜 변호인 틀어주냐;;;  
20170218,1,안 봐도 비디오라는 말이 딱 맞다.  
20170218,7,난 솔직히 약간 결말이 아쉬웠음..변호인을 봤어서 그랫는지는 모르겠디만 법정에서의 치열한 심리전과 사이다같은 장면이 있을거 같다고 생각했는데 그런게 없음. 물론 재심이 있을 때까지의 과정은 재밌고 연기력은 인정.  
20170218,8,관람객실화를 바탕으로 해서 더 몰입감있게 잘 보았습니다.배우들의 열연에 박수를 보냅니다.  
20170218,10,관람객참 뜻있는 영화였던거 같습니다.  
20170218,9,관람객우리의  잘못된 공권력이  무자비하게 작동할때 죄없는 범죄자를  만드는  과정을  잘 표현한 영화입니다정우의 연기  좋앗읍니다  
20170218,10,관람객너무 감동있는 영화입니다~~^^  
20170218,8,관람객연기다들잘하고 스토리도좋았습니다  
20170218,6,관람객고구마백개 먹었는데 사이다 한모금만 딱 줬다 뺐는 기분  
20170218,8,관람객레알밥도둑인것같다개꿀잼영화  
20170218,9,관람객연기 정말좋았습니다 추천해요  
20170218,10,관람객너무너무 재밌네요 ㅎㅎㅎ홓  
20170218,10,약촌오거리 사건을 다룬 줄 모르고 봤는데...그것이 알고 싶다를 통해서 너무 열을 받았던 사건인지라 보면서 더욱 집중 하면서 봤습니다!!잘봤습니다~  
20170218,4,관람객견찰들의 잘못된 관행과 인간의 욕심의 무서움이 잘 표햔되있으나 흥행에는 ...  
20170218,9,관람객마지막 재판부분 기대했는데 생략되어 있어서 쫌 아쉬운 면이 없지 않아 있음 그래서 별하나 뺏음~  
20170218,7,배우들의 탄탄한 연기는 좋았고 휴먼드라마로서 울림도 인상적이다. 다만 초반부가 좀 어수선 하고 후반에 액션씬보다는 법정씬을 넣어서 임펙트를 줬다면 훨신 좋았을 듯 하다.  
20170218,7,관람객재판에 이르기까지 조금 힘들었다 엔딩이 조금 뜬금없었다 그래도 실화를 다룬 내용이라 그런지 이준영이라는 인물의 감정에 잘 몰입할 수 있었고 공감하면서 본 영화다  
20170218,10,관람객굿 재밌는 영화였습니다  
20170218,9,관람객하늘이 넘 많이 맞더라ㅜㅜ 불쌍해죽는줄..  
20170218,10,배우분들 연기 너무 좋았어요 ㅠㅠㅠ  
20170218,7,나쁘지 않았던영화 임둥  
20170218,5,연기는 좋았다만...  
20170218,7,실화를 바탕으로 한 영화라 몰입이 잘 되었으며 배우의 연기력이 뒷받침되니 비교적 재미있게 봤습니다.^^  
20170218,9,관람객한 사람의 억울함도 없는 우리나라가 되길  
20170218,10,관람객재밋네용 정우짱짱맨~  
20170218,10,관람객연기력이 굿굿이예요 정우  
20170218,10,변호인에 이은 박진감 넘치는 법정드라마  
20170218,10,깔끔하고 담백한마무리가 인상적인 영화  
20170218,10,폭풍오열했어요. 강하늘의 감정연기가 너무나 완벽해서...ㅠㅠ자신이 겪은 것처럼 연기를 하는데 어찌나 슬프던지...ㅠㅠ 그리고 이런 어둠의 현실이 있다는 것과 그 어두운 현실을 살아가고 있다는게 슬퍼서...ㅠ 강추입니다!!!  
20170218,9,관람객목소리내는. 감독도. 검사도. 피의자도.모두에게 박수를. 그리고 소리내자.우리도  
20170218,10,연기 최고 내용 최고!!!!ㅠㅠㅠ  
20170218,10,관람객정우 강하늘 연기대박 슬펏어요ㅜ  
20170218,7,법정공방까지 그렸으면 더 좋았을 듯 해요. 중간에 좀 늘어지는 느낌이 있더니 재판 시작하면서 끝나네요  
20170218,8,관람객굿 재밌었어요 실화라니 슬프네요  
20170218,10,관람객정말재밓어 집중쩌러요 대박  
20170218,8,관람객재밋게 아주 잘봣습니다  
20170218,1,정우야 디바지니왜버렸니  
20170218,10,관람객정우 연기도 정말 좋았고 실화바탕이라 그런지 스토리도 탄탄했습니다!!추천영화!  
20170218,8,"관람객당면한 현실이라현실적으로 감상했으며 법보다 권력이 우선하는 현실이 ㆍ..,...?  "
20170218,10,재심 재판하는 신 없이도 마지막신 훌륭했어요 너무 재밌게 눈물흘리며 보고 나왔어요 변호사분 멋있으세요  
20170218,10,믿고보는배우 정우!!!  
20170218,10,관람객말이필요없습니다..  
20170218,3,부러진 화살과 같은 법정 공방 실화 영화를 바랬다면 큰 실망감을 준다. 이 영화는 법정 공방에 초점을 맞춘것이 아니라 피해자와 가해자 그리고 변호인에 초점을 맞추고 있다. 법적으로 시원한 한방을 그리지 못 하고 관객에게 이 사건으로 무리한 감동을 줄뿐  
20170218,7,부족한스토리를 체우는 배우들의연기  
20170218,10,관람객꿀잼꿀잼꿀잼꿀잼꿀잼꿀잼  
20170218,7,관람객정우의 눈물에 진심이 느껴져 눈물이 흘렀던 영화  
20170218,10,짱이다 진짜 인생영화다 명작이다  
20170218,10,정말 이시대의 사법부의 정의에대해 다시생각해보는 기회였습니다. 최고의 연기력 최고의 스토리입니다  
20170218,10,관람객정말감격적이였어요~~~^^처음부터끝까지   울면섭핬어요!!!  완전강추   가슴이따뜻래지는영화  
20170218,10,관람객영화자체는 10점이지만 개인적으로 상대방에게 승리하는것까지 나왔으면 하는 바람이 있었습니다  
20170218,10,관람객법의 존재 의미를 알게 해주는 영화였던거 같습니다  
20170218,10,80~90년대라면 이해하는데 2000년에 발생한 일이라니 참 어이가 없네!! 이영화는 꼭 봐야함~!! 배우들 연기는 정말 최고 !!  
20170218,9,관람객익히 알려진 실화를 바탕으로 가슴을 먹먹하게  하네요.  
20170218,8,관람객재밌게봤어요. 이 영화가 실화를 바탕으로 한거라 .. 많이 안타깝네요  ㅜㅜ  
20170218,9,"진짜 오랫만에 감동. . 여운이 남는 작품이였다.  보고난뒤 가슴이 먹먹하고 ~~ 배우들이 영화 찍으면서 고생했을듯. . 연기도 좋았구,  시사회라 끝나구 시원시원한 성격의 정우와 역시 이쁘게 생긴 강하늘도 봐 더 좋았다  "
20170218,9,관람객몰입도도 좋고 좋았지만 중간중간 답답한건 어쩔수가 없나봐요  
20170218,10,정말 감동적이고 명연기었던영화  
20170218,9,시간가는줄 모르고 봤어요~~아쉬운점은 재판에서 변호하는 장면이 있는줄 알았는데 그런장면은 없네요  
20170218,10,관람객잼나게 봤읍니다. 안타까우면서도 해결이되니까 시원하네요~  
20170218,10,관람객엄청 엄청 재밌습니다!!  
20170218,10,정말 연기도 잘 하고 결론이 난게 정말 속 시원 하긴한데 실제 겪었을 주인공을 생각하면 참 안타깝습니다 앞으로 모든 날이 행복하시길 바랍니다!!!  
20170218,10,"강압수사로 죄없는 사람 범죄자 만들어 10년을 버리게 한 사람들이 실제 대한민국에 존재했다는 것에 창피하고 짜증났지만, 진심어린 변호로 재심받게 도와준 변호사 또한 실제 있었다는 사실 하나만으로도 행복했다. 대한민국, 정신차려라..  "
20170218,9,중점을 어디두냐가 조금 다르겠지만 마지막에 재판하는 부분을 조금 더 보여줬으면 좋겠다는 생각을 했다. 뭔가 기대하고 있었는데 판결부분을 살렸으면 했다. 배우들의 연기는 매우 훌륭했다. 다만 초반엔 아역을 썼어도 좋을 것 같다. 좀 더 안타까웠을것같다.  
20170218,1,진실 말고는 없네~ 영화적인면 많이부족  
20170218,8,관람객정우연기가너무좋았습니다  
20170218,10,기대보다 재미있고 많은걸 보여준 영화  강하늘과 정우의 연기가 감정이입을 잘 시켜줬고 그 사건 당시에서의 감정을 극대화시켜준거같음 보는 내내 그 당시우리나라 사법부에대해 화가나고 14년동안 억울하게 누명쓴 분에대해 안타깝고 고생하셨음을느끼게 해주는영화  
20170218,5,그냥 고구마전개  재심 재판은 한장면도 나오지않는 제목만 재심  
20170218,8,"관람객예고편보고 확 끌려서 봤습니당ㅎㅎ두 배우님들 너무 훈훈하고, 나름 반전에 깜짝 놀랐어요..ㅋㅋ 이게 현실인가..싶어서 좀 답답하기도 하고..잘봤어요!  "
20170218,10,다들 연기가 좋았는데 와 해숙님 연기가 와... 진짜 대박이었음  
20170218,10,다시 보고싶은 영화입니다.  
20170218,10,관람객영화 재미가 없는 부분이 많았어요!  
20170218,5,기대 많이 했는데 구성이나 스토리 전개가 너무 지루한듯..   노력은 알겠지만 평가는 영..  
20170218,10,관람객감동적이고  인감미가  넘쳤어요  
20170218,10,꿀잼  너무우리나라를적나리 말한거같아씁쓸  
20170218,10,진심 연기력 대박ㅠㅠ 무대인사를 보게되는 행운까지..다들 멋지지만 정우님은 완전 짱 잘생겼어영~  
20170218,10,개법부 개누리당 개판사  
20170218,10,이건 연기가 아닙니다. 리얼입니다.  
20170218,1,내용에 억지소스가 많고 긴장도 없다. . 마지막에 사이다같은것도 없고 보는내내 지루했음. .  강하늘은 왜이리 욱하는겨  
20170218,10,관람객좋았어요 실화라서 더욱더  
20170218,10,관람객긴장감이두근두근 재미있었습니다긴장감이두근두근 재미있었습니다긴장감이두근두근 재미있었습니다긴장감이두근두근 재미있었습니다긴장감이두근두근 재미있었습니다긴장감이두근두근 재미있었습니다긴장감이두근두근 재미있었습니다긴장감이두근두근 재미있었습니다긴장감이두근두근 재미ㅏ  
20170218,10,관람객진심 정우 연기력 쩔어쩔어ㅠㅠ  
20170218,10,알고있는 내용이지만 감동적이였습니다.  
20170218,9,9점 정도는 된다고 생각함  
20170218,10,관람객가슴이 찡하네요 ~~그래도 양심이 살아있는 나라입니다  
20170218,8,수정이 예뻐! BUT 연기는 별로ㅋ  
20170218,9,마지막 결말은 조금 아쉬웠지만 영화를 보는 동안 시간이 가는 줄 모르고 봤습니다. 연기력이 정말 엄지척.실제로 있었던 일이라서 이야기가 더욱더 와닿았습니다.  
20170218,10,관람객재밌었어요~~~!!  
20170218,10,정우의 애드리브성  뜬금 코믹연기 짱! 강하늘 역시 연기 짱! 슬금슬금 나오는 눈물. 요즘 정말 남남 케미 영화가 매우 멋져요. 정배우 대박 나세요  
20170218,1,연기하는 배우들은 울고불고 난린데 쥐똥만큼도 슬픔마음이 안들어서 내가민망함.  
20170218,10,관람객우리나라의 헬조선을 느끼게해줫습니다  
20170218,10,"배우들 명연기덕에 몰입도 최고였고, 덕분에 마지막엔 엉엉 울며 봤습니다. 정말 좋은 영화예요  "
20170218,8,관람객진짜 진짜 감동멌어요~^^  
20170218,9,관람객재밌어요 긴장감도있고...  
20170218,10,"스토리,배우,연출 삼박자 딱딱.보길잘했다는 생각이 드는 영화  "
20170218,7,타짜2 안산 다크나이트  야반도주 차량운전자 ㅋㅋ 빵터짐ㅋㅋ화나면서 봤던영화 결말이 좀 ..  
20170218,9,관람객명연기다진짜...진짜  
20170218,10,관람객재심 내용이 너무 재밌습니다  
20170218,9,관람객강하늘의 연기에 빠졌습니다 그리고 정우의 마지막 굳!!!  
20170218,10,관람객재미잇습니다. 연기를 다 잘하네요  
20170218,7,관람객마지막이 다소 아쉽...  
20170218,10,"거의 모든 개봉영화를 보는데 처음 댓글 남겨봅니다. 가슴 먹먹한 실화극! 대한민국 어른의 한사람으로써 현우에게 정말 미안하고 그분의 앞날에 박수와 응원을 보냅니다. 변호사님께도 장하시다고, 멋지시다고 응원보냅니다~^^  "
20170218,5,"명연기, 그러나 그냥 이런 일이 있었구나 안타까움 끝  "
20170218,7,"관람객썩어빠진 경찰,  그래도 좋은 변호사는 있다.법이 무엇인가?? 과연 법은 존재 하는가??돈과 권력 덮인 이세상  ...일반 의뢰인은살아 남을수 있을까??  "
20170218,10,지루할거라 생각했는데 너무나 재미있어서 놀란 영화.이야기 흐름에 방해되는 연기가 없어서 너무나 좋았어요 개봉 3일만에 두번 봤네요   연기 아쥬아쥬 굿  
20170218,10,진짜 말 필요없이 흥해야되는 영화  
20170218,8,관람객정우씨의 멋진 연기 좋앗어요~강하늘씨 우는 모습에 울컥했네여ㅠ너무너무 잘 봣어요~~~  
20170218,5,"이 영화에 아쉬운점은 이미 이긴 게임을 질질 끄는 느낌과 재심의 장면은 하나도 나오지 않았으며, 그렇게 재밌지도 않습니다...  "
20170218,10,관람객굿수아아아랄쟈밋으므으으ㅡ응  
20170218,8,영화가 러닝타임이 두 시간이 넘는데 내용이 잔잔해서 솔직히 루즈하긴해요 그래도 연기는 정말 다들 엄청잘해서 개인적으로 볼만합니다 옆에서 자는분들도 꾀있었어요  
20170218,8,과하게 극적인 요소가 좀 있고 초반부가 루즈한 부분이 있다 제목이 재심인데 재심과정보다는 진실추적에 가깝고 정작 법정은 거의 안나오는 하지만 그래도 볼만한영화  
20170218,3,연기력은볼만함 스토리엉성 마무리허술...변호인같은전개는 없다... 도와준아저씨와 잡혀있던 꼬마는 어떻게됬으며 친구와 검사는 마지막에  어디로사라진걸까...너무많은 기대때문에 실망도크다 상업성영화  
20170218,10,세상에 무고한 피해자가 없었으면좋겠습니다관리직분들 더러운정치속에서 초심을 잃지말기를부탁드립니다  
20170218,7,기대만큼은아니다 루즈한면도 만타하지만 이런영화가 만았음한다  
20170218,10,보는내내 너무 억울해서 화나죽는줄 알았어요..ㅠㅠ꼭 흥행해서 많은사람들이 보길 바랍니다  
20170218,9,재판이 스킵되서 그 부분은 공허함이 있지만 베테랑급 몰입도 좋은 선택이엇네요.  
20170218,2,왜 이런 류의 영화는  감정적으로만 다루는 걸까?보고나면  경찰나쁜놈만 나오는게 다인 수준  
20170218,8,연기는 진짜 괜찮고 다소 루즈한 부분이있긴했지만재미있는 영화이고 기억에 남을 영화인건 맞으나영화제목대로 재심인데 재심하는 부분은 전혀없고재심 시작과 동시에 끝나버려서 역대급 급마무리네요정말 예산이 부족했나싶을정도로.. 여운도남는데 허무함도..  
20170218,10,관람객감정표현이 잘 드러나고 스토리가 좋은 완성도 높은 영화중 하나라고 생각했습니다. 잘 봤습니다.  
20170218,1,저런일었다는거자체가 안타깝다 다만 영화자체만으로냉정하게평가하면 너무식상하고 뻔한주제였음 거기다 너무루즈하고 이런일있으면안된다는마음에선10점주고싶으나 솔직히 영화자체나 정우연기는 그닥임 기대한정도는전혀안됨  
20170218,10,여운이 남는 영화 ㅠㅠ 한번 더 보고싶다  
20170218,9,관람객사실을 재구성한 느낌이라 감동적이었습니다  
20170218,7,관람객영화내용이 참 좋았던거 같습니다.  
20170218,8,예상되는 스토리었으나  드라마장르 에서오는  따뚯한 느낌을 받았고 연기력은  굿!!!  
20170218,9,"내용, 연기 담백해서 좋았다. 감정과잉으로 흐를까 걱정했지만 감독, 배우 적정선을 지켜 좋았고 이런 영화가 진짜 천만영화가 되었음 좋겠다.정우 연기 첨봤는데 아 ~ 좋다  "
20170218,9,진짜 연기가 다들 미쳤어요 ㅠㅠ...  
20170218,9,관람객볼거리가 많은건 아니지만 요즘세상에 감동이 있는영화에요  
20170218,9,관람객연기가 다들 미쳤음ㄷㄷ  
20170218,10,관람객진실과 진심이 주는 커다란 울림과 감동  
20170218,5,관람객다소 루즈한 전계에 조금 지루한면이 있네요....게다가 너무 반전을 주려는 듯한 느낌이 강해서 그저 그렇게 봤어요  
20170218,9,관람객중후반부까지 몰입감 최고 마지막에 개연성이 약간 부족한게 흠이랄까 하지만 전반적으로는 강추다  
20170218,10,재밌게 잘보고 나왔습니다...참  이 나라의 법이 씁쓸하네요...16년의 세월동안 얼마나 억울하고 분했을까여...앞으로 좋은 일만 가득하시길 빕니다~^^  
20170218,10,관람객둘 다 연기 너무 잘하심 넹넹  
20170218,8,관람객사회의부조리에 화가난다  
20170218,10,개재밌음 진짜재밌음 조므따  
20170218,8,관람객정의가 승리한다는 결과  너무 통쾌하게 받습니다  
20170218,10,막 보고나왔어요. 실제사건이란게 넘 슬프네요.  같이본 엄마도잼있다시네요.  천만 응원합니다  
20170218,9,관람객재밋게봣습니다감사합니다  
20170218,1,재미가 너무 없다. 쓸데없는 장면도 너무 많고. 진짜 너무 재미가없다  
20170218,9,관람객정말 가슴 아프고 이런 사법부가 나아지도록 노력하길..  
20170218,10,전부다 미 틴 연기도롱룡 악역이 조금 어색함그냥 웃김 ㅋㅌㅋㅌ  
20170218,10,관람객재밌었습니다...ㅎㅎ 한번 더 보고 싶은 작품이네요!!  
20170218,9,관람객두 주인공의 연기가 인상적이었습니다! 극을 너무도 잘 이끌어주던 두 분이 있어 빛나는 영화.  
20170218,2,의미 ↑ 감흥 ↓ 이렇게 끝마무리 성의없는 영화는 처음본다  
20170218,5,뻔해요 너무나도 억지감동 억지로 울릴려고하는것이 느껴집니다  
20170218,10,명연기다 완전!!ㅠㅠ일반영화들과는 다르게 끝난게 신선했다  
20170218,2,변호인보다는 무게감이 너무 떨어진다는 생각이 듭니다.  
20170218,10,관람객울뻔 ㅋㅋㅋ정우연기가 후와으  
20170218,4,현실에서 정의로운 변호사가 있다는게 응원할만함. 그러나 그런 변호사가 몇이나 될까. 영화 스토리 전개 과정과 결말이 좀 흐지부지...  
20170218,10,엄청 몰입해서 봤어요 추천합니다~  
20170218,8,재미있는데금방끝났다  말하자면 보라는거임  
20170218,10,핵잼 꿀잼 입니다요. 열자.  
20170218,10,"어제 심야로 보고 왔습니다. 실화를 바탕으로 해서 그런지 스토리도 탄탄하고 배우들 연기는 단연 명품이었습니다. 최근에 공조,더킹,재심 이렇게 3가지 작품 봤는데 재심이 가장 재밌었네요.  "
20170218,9,재밌긴한데 마무리가 아쉬운 영화였음  
20170218,9,정말 잘만들었다. 감독이 누군지 모르겠는데 정말 대단하네. 단 좀 아쉬운건 재판 장면과 그 이후가 나오지 않은것. 너무 허무하게 마무리된 느낌이 있어서 9점.  
20170218,10,인생영화입니다 정우의 눈물연기에 온몸에소름이돋고 강하늘의 연기에 또한번놀랐습니다 진짜 잘만든 영화입니다 꼭추천드려요  
20170218,10,대박!!! 10점까지밖에 점수가 없다는게 아쉬움!!! 천점만점!!  
20170218,8,"관람객어떤식으로든  누리고사는  모두,  제대로 잘 좀 살자~ 이타적이지는 못해도  적어도 다른  사람  인생에  재뿌리지말고....  "
20170218,10,이런영화 많이 나왔으면 좋겠습니다  
20170218,2,예산이 부족했나?? 역대급 급마무리  
20170218,10,정우 연기에 소름돋는다 이제 제발 뜨자 정우야!!  
20170218,8,관람객정의구현 모습엔 좋내요  
20170218,8,관람객믿고보는 연기파 배우들!재밌어요~ 정우짱  
20170218,10,관람객감동이었습니다 좋은영화 많이 만들어 주세요  
20170218,10,굳 보면 실망하지 않는 영화  
20170218,10,완전재미있습니다꿀잼!  
20170218,9,보고나서 주위 사람들에게 추천하고 싶은 영화  
20170218,8,관람객답답하고 먹먹한 영화 끝나고서도 먹먹했어요  
20170218,10,연기가다들짱이다. 정말 보는데 몰입도가 장난아니다 형사들진짜 내가 죽이고싶을정도로 악역을잘해주었다. 다만 개인적으로 마지막에 다들 환호하며 웃는 그러한장면을 보고싶었지만 몇문장과사진으로 결말이나와서 아쉬웠다  
20170218,10,명배우들의 명연기. 가슴코끝 찡해지는 영화.  
20170218,10,관람객오랜만에 너무 뭉클했습니다. 강하늘배우님 정말 연기 ...  
20170218,10,사법부가 한 소년 10년 인생을 잃어버리게 한 것이 너무 안타깝다.  그래도 누군가가 그 억울함을 위해서 열심히 노력한다는 사실 하나만으로  그들에게는희망이란 끈을 잡고 있지 않을까?재심이란 영화를 누군가가 추천해 주셔서 잘 봤습니다 .!  
20170218,10,살다가 첫 평점달아본다.... 너무 억울하다 돈이없고 힘이없다는게...딱 시기도 적절하다  
20170218,9,관람객영화보는 내내 검경에 대한 빡침을 느꼈던 영화  
20170218,10,관람객슬프고 이것이 현실이구나 참 열받고 .  
20170218,9,법과 정의에 대해 다시 생각해보는 시간이었습니다  
20170218,10,돈아깝지 않은 영화였어요 최근들어 정말 재밌게본 영화ㅠㅠ 실화라 더 와닿고 연기자분들 연기력이 정말 최고였습니다!!!  
20170218,5,재심 범인 기자입니다...  
20170218,10,기대 안하고  봤는데 재밌어요~~아들 있는 엄마라 감정이입해서 봤다능~~~  
20170218,9,관람객변호사로인해 실제로 누명을 벗을수있었다는게 감동적이네요?? 재밌게봤습니다??  
20170218,10,"어제 보고 왔습니다.정우, 강하늘  둘다 연기가 너무 좋았습니다.감명깊게 보고 왔습니다.  "
20170218,10,개한민국 헬조선 사람들 꼭 실체를보시길...하지만 그알이 10배는 더재밌었다는  
20170218,8,관람객재밌데서 봤는데 재밌네요  
20170218,10,관람객너무 감동적으로 봤습니다 잊혀지지않을 작품인것 같아요  
20170218,9,영화 조작된 도시가 평점 6점이라면 이건 8~9점 정도 되는것 같다.  
20170218,10,"관람객너무 재미있게 잘봤습니다.정우, 강하늘의 연기에 감탄하고 왔네요~  "
20170218,9,관람객강하늘은 맨날 맞아 ㅠㅠ  
20170218,7,재판장면이 없어서 아쉽다. 결말을 확실하게 표현했으면 좋았을텐데...  
20170218,5,그냥 그것이 알고싶다 한번더보고 실제인물 인터뷰보는게 날듯  
20170218,7,영화보면서 정말 너무재미있어서 보기만했어요 정말 몰입하면서 보기만 했어요 이런영화 너무 오랜만에 보는것같아요감독님 감사합니다  
20170218,9, 너무 재미있었고 배우들의 명연기. 마지막은 허무하지만 가슴속에 여운이남고 대한민국의 현실을깨닫게해준영화  
20170218,9,관람객꿀잼이었습니다 너무나도  
20170218,10,관람객재밌게 잘 봤습니다 돈이 아깝지 않네요  
20170218,10,정우 연기 잘하네.감동 먹었다.  
20170218,10,이런영화가 많아져야합니다.  
20170218,9,관람객너무감명잇게본영화엿당 마지막에는좀허무햇다  
20170218,10,너무재밌게잘봤어요! 꼭보세요ㅠㅠ  
20170218,10,대박!!!대박!!!대박!!!  
20170218,9,재밌음. 다시 한번 볼가치가 있음. 최근 본 한국영화 중 가장 좋았음.  
20170218,9,배우들 연기갑 우리나라 현실에 부글부글  
20170218,10,진짜 이게 연기구나 싶었어요... 김해숙님 나올때마다 계속 울고 정우는 역할뿐만아니라 머리스타일이랑 너무 잘어울려서 새삼잘생겨보이고 강하늘은 상속자들에선 선배역할 맡고 되게 어른스러워보였는데 여기선 그냥 눈빛자체가 어린... 난리나요 제발 봐주세요  
20170218,8,관람객결말이 벌로였어요 ㅠㅠㅠ  
20170218,10,그저께봤는데 또보고싶다  
20170218,9,"관람객자세하게 무슨사유로 살인이였는지, 자세한 내용토대보다는 사건의 중점. 재미있었어요  "
20170218,10,너무 감명깊게 봤어요가슴이 먹먹하면서 답답하기도 하고이게 현사회에 모습이라는게 더 가슴이 아프네요 배우들 연기도 정말 대박이네요 정말 추천합니다  
20170218,5,실화라서 더집중하고봤습니다  
20170218,10,관람객배우들의 연기 대박이네요 상영내내 몰입해서 봤습니다!!  
20170218,9,관람객보는내내 가슴이 답답하고 아린영화그래도 꼭 보세요.  
20170218,8,관람객마지막이 조금 아쉽지만 재미있습니다  
20170218,10,관람객정말.. 억울한 누명 으로 인하여...한 젊은이 인생이 망가지고..한 변호사의 변화는 모습!!배우들의 연기에 너무 반했습니다  
20170218,8,보면서 약간 지루하기는 했지만 배우들의 좋은 연기로 인해서 충분히 몰입할 수 있었습니다.  
20170218,10,말이 필요없다. 배우들의 연기에 몰입된다.  
20170218,2,관람객이동휘 연기 대박이네 최.악저분 대체 나오시는 이유가?  
20170218,8,관람객약간씩 지루함도있었지만 정우의연기력에감탄했습니다.어떤표현이좋을지모르겠지만 깊은영화좋은영화본거같습니다!  
20170218,10,관람객지루한거 같으면서도 재미 있네요~  
20170218,7,관람객재미있게는받는데 결말이 좀 허무하내요ㅠ  
20170218,1,변호인하고 전개나 대사가 비슷한데 훨씬재미없다 앞에서 질질끌다 막판에 재판 장면 한3분나오고 그냥 끝나버린다 통쾌함도 없고 영화가 그냥  조사만하다 끝나냐 나름 마지막에 현우 행복해하는모습보려고 기대햇는데 다 재끼고 실제재판결과라고 툭던지면 다인가?  
20170218,9,보는내내 형사 목소리 들을때마다 인중을 때리고 싶었음! 그분도 당분간 식당가면 문전박대 당하지않을까ㅋㅋ 우리나라는 아직도 돈없고 빽없으면 ㅂㅅ 취급당하는듯ㅡ 슬프다ㅡ 정우.강하늘 연기에 몰입되서 잘봤어요~ 평론가님들은 머가기준이심?  
20170218,10,작품성으로 만점!!!!헐리우드 영화상 타도 되겠다.  
20170218,10,"개인적으로 변호인 보다 더 집중해서 봤음 최군에게 수백억 보상해라 쓰레기들아 미국이었으면 가능할텐데 억울한 청춘이다. 그 검사, 형사는 살인자 보다 더 잔인한 인간들이다.  "
20170218,10,정우랑강하늘연기 진짜 잘함..  
20170218,10,후 내가봣을때 정우 강하늘 천만배우다  
20170218,8,관람객내용은 좋으나 너무 잔인  
20170218,7,"가볍지도, 무겁지도 않았지만 진하지도 않았다.연기는 진짜 잘함!!  "
20170218,10,몰입감도 좋고 최고인듯해여  
20170218,10,최고다ㅜㅜ연기력이며구성이며ㅜㅜ  
20170218,10,정우를 위한 영화... 재미 있음..  
20170218,9,관람객잼있어요 주인공들 연기짱  
20170218,10,영화 좋았어요 배우들 연기도 좋았고  
20170218,10,관람객아 네이버 페이 이런식으로 평점 쓰게하는거 좋슺니다 재밋더라구여 ㅎㅎ  
20170218,10,"방금 심야로 보고 왔는데 정우,강하늘,김해숙 님 그 외 배우분들 진짜 연기가 최고였습니다bb보는내내 어찌나 화가나던지..이런 말도 안되는 일이 현실에서 일어났다니 너무 안타까웠습니다ㅜㅜ 다신 이런 일이 일어나지 않았으면....  "
20170218,10,관람객감동적입니다 실화라 더욱연기좋고내용좋고 좋은영화감사해요  
20170218,10,햐~정말 영화 보는내내 내가 분통이 터질지경..실화라는게 너무 화가나고 안타까웠다. 명품연기에 시간 가는줄 모르게 몰입하며 봤네요 꼭! 보세요  
20170218,9,관람객소재가 너무 좋았습니다.  
20170218,9,연기 참 찰지게 잘하네요..!!  
20170218,8,관람객이사건의 계기로 억울한 서건이 일어나지 않았으면 좋겠습니다  
20170218,10,평론가 아닥 그냥 보세요  
20170218,6,관람객실화를 배경으로해서 더욱더 집중하게 되고 안타깝게 생각하면서 본 영화입니다.영화에 나오는 배우님들의 연기력이 집중하게 만들면서 부분부분 나오는 개그코드는 지루하지않게 재밌습니다.하지만 마무리부분이 조금 아쉽습니다!  
20170218,10,젤 무서운건 역시 사람...보는중간중간 너무 화가나서 영화보기 힘들었다.  
20170218,10,관람객재미있게잘보았습니다  
20170218,10,"보는내내 너무 화나고 답답했어요ㅠㅠ 진짜 당사자본인은 얼마나 억울할지....정우,강하늘배우 그리고 김혜숙배우님 연기 너무 멋지십니다!  "
20170218,10,이게 우라나라 현실이다  
20170218,10,배우들의 연기일품!!!영화 흐름도 매우 유연하고 보는내내 집중하게 만드네요정말 재미있게 또 의미있게 봤습니다  
20170218,8,관람객마지막 사이다가 없었으니 재밋음  
20170218,10,관람객몰랐던 일이었는데 영화로 알게되어 슬프네요진짜 치가 떨리지만 무죄로 판결됐다니 다행이네요  
20170218,10,"별점 10개도 부족한 영화였습니다. 영화를 보면서 억울함과 슬픔,감동,기쁨이라는 여러가지 감정이 섞인 눈물을 흘린것은 정말 오랜만이네요. 꼭 보세요 명작입니다.  "
20170218,10,묵묵히 메세지를 전달해준 영화 같아요 너무 감동적이였습니다  
20170218,7,제목은 재심인데 재심이 없네요 고구마 잔뜩먹고 사이다 좀 먹나 했더니 끝나버린...  
20170218,3,관람객마무리가 너무 노잼이에요 흔하디 흔한 똑같은 레퍼토리  
20170218,10,관람객진짜 재밌습니다 강추!  
20170218,8,관람객배우들의 좋은 연기와 실화로 된 나름 알찬 시나리오깔끔한 마무리  
20170218,8,관람객재판 과정도 보고싶었는데 아쉽습니다  
20170218,9,강하늘의 표정 연기들이 너무 좋았다. 주인공 최군의 앞날에 따뜻하고 좋은일만 가득하길 바라요..  
20170218,10,10점을 안줄 수가 없네요..배우들의 미친 연기 잘봤습니다 형사 역할하신 분 진짜 개패고 싶었습니다..연기 짱!  
20170218,9,관람객'전 재산'을 받은 변호사의 의리있는 변호. 마지막이 조금 아쉽긴 했지만 재밌게 봤습니다  
20170218,1,와 진짜  여기 댓글들 다 알바냐?마지막에 변호해주는부분 안나오고진짜 영화끝나고 사람들 다욕함아니 벙찜 이게끝이라니  
20170218,9,관람객강하늘씨라는 배우를  다시 알게된 영화입니다.  
20170218,10,관람객기대 안하고 봤는데 정말 재미있게 봤어요  
20170218,9,"이런 영화가 많이나와야 되고, 이런 영화가 필요없는 세상이길 바란다.  "
20170218,3,너무노잼 결말이 너무 허무함 고구마 배역이 넘많은데 사이다 부족  
20170218,10,관람객배우분들의 연기는 완벽했고 이런 일이 실제로 있었다는게 놀라웠다..  
20170218,7,마지막에 나쁜놈들 다 잡아서 시원하게 마무리됐으면 좋았을뻔했는데 뭔가 똥끊고 나온느낌이였음. 그래서 7점  
20170218,10,관람객너무너무재미있게봤네요연기력도좋고 내용구성도 탄탄한게추천합니다  
20170218,9,관람객실화라서 더 잼잇엇던거 같아요 ㅡ  
20170218,9,관람객괜춘한거같음 뻔한내용이지만 옛생각이남  
20170218,10,관람객강하늘 다시봄ㄷㄷㄷ 실화라 스토리를 다 아는데도 흥미진진  
20170218,10,그냥 다른말 필요없이 주인공들의 연기로 보는 영화  
20170218,10,관람객강하늘 응원합니다!!  
20170218,1,재밌어질라하다 끝나네 허무함 그것이알고싶다가 더 흥미진진하네  
20170218,10,스토리도 좋고 연기도 좋고 다 좋았던 오랜만에 제대로된 영화.  
20170218,10,정우의 연기는 빛이나고 이 나라의 썩어 문드러진 갑의 횡포를 느끼게 해준 영화  
20170218,9,참 마음이 불편해지는....  약자들이 살기에는 이렇게 힘든 나라이구나 느끼게 해주는 영화.   명배우들의 명연기가 빛나서 더 좋았네요. 엄청난 액션신 없이도 충분히 좋았습니다.  
20170218,10,관람객정말 잘봤네요 추천합니다  
20170218,7,"관람객정점을 찍을 법정씬 없이 사건의 시작부터 사과 아닌 사과를 받아내기 위한 마지막 여정까지만으로도 재미는 충분하다. 두 주인공의 좋은 케미, 좋은 연기 또한 플러스.  "
20170218,9,관람객이런영화벌때마다 공권력이....ㅠㅠㅠ  
20170218,8,관람객생각보다 재밋엇어요!!!정우연기잘하네요^^  
20170218,9,관람객앞부분 다재미있는데 결말이...  
20170218,10,이런영화가 흥행이 되어야 한다 떡검 짭새들이 판치는 나라  
20170218,9,관람객화나는부분도 많고 실화라는게 놀라웠어요 영화 재밌고 정우 짱 !!  
20170218,10,관람객재심 이라는 영화는 우리 사회에 살고 있는 어느 약자를 대변하는 영향력 있고 잘 만들어진 영화라고 생각한다. 연인 가족 어떤 사람들과 같이 보아도 좋은 그런 영화 재심!!  
20170218,10,재심인데 재판안한다고 징징대는년놈들은 영화관가지마라명연기만으로 배우들이 충분히 가슴울렸다  
20170218,8,꽤 잘 만든영화이고 실제사건을 검색해보게되는 영화네요. 흔히 말하는 흥행보증수표나 제작비가 많이 들어간 블럭버스터 영화는 아니지만 많은 관객이 봤으면 하는 바람입니다. 관객수 300만 예상해봅니다.  
20170218,10,모든 배우분들 연기가 훌륭했습니다.과하지도 부족하지도 않은 스토리와 깔끔한 마무리..좋은영화 잘 봤습니다~~  
20170218,10,배우 강하늘 정우에게 외적인 모습이 아닌 연기력으로 반하게 된 시간.  재심. 여러가지 생각이 들게 한 영화.  
20170218,7,관람객재미있는것 같으면서도 뭔가 아쉬움이 남는 영화  
20170218,10,정우 오랜만에 보는듯.  
20170218,10,관람객그냥 두말할거없이 정우와 강하늘은 연기는 진짜 미쳣음...  
20170218,10,"고구마 100개를 먹은느낌, 그런대도 이영화가 기억에 남는다. 영화의 참뜻이란...  "
20170217,10,관람객대박 결말이조금 아쉽긴해용  
20170217,10,관람객정우연기 굿이구요강하늘연기도 굿이요  
20170217,10,관람객실화라니 믿기지않네요  
20170217,9,탄탄한 스토리와 배우들의 연기가 몰입도를 높인다.  
20170217,10,대한민국은 정의를 희구하고있다.  
20170217,10,관람객배우분들 연기 넘넘 잘하시고 가족들이랑봤는데 가족들이랑 보기 너무 좋았어요 !!!!>^<  
20170217,5,관람객그럭저럭 소소한 영화인듯  
20170217,10,내가 일부러 영화 평점 남길려고 네이버에 로그인하게 만든 인생 첫 영화. 진짜 잘만들었고~ 이땅에 정의란 무엇인가 변호사법제1조 (변호사의 사명) 변호사는 기본적 인권을 옹호하고 사회정의를 실현함을 사명으로 한다. 정우. 강하늘 연기 명품이었습니다.  
20170217,10,잔잔하게 다가오는 영화특별하진않지만 그래서 더 가슴에 와닿는 영화가 아닐까?  
20170217,10,관람객정말 재밋어요 하늘 제스타일이예요 정우는 정말 멋잇엇어요  
20170217,10,크 정우 연기 일품 >< 하늘이도  
20170217,10,연기자들의 명연기 볼만합니다! 마지막 엔딩 사이다전개 부족! 정우 강하늘 연기는 최고..백형사 내가한대치고싶게 연기잘함..  
20170217,10,오랜만에 제대로 된 한국영화 봤다..  
20170217,4,의미는좋은데 뭔가 임팩트가없어서 아쉽다  
20170217,10,굳이 로그인해서 평점을 쓰게하는 영화.  
20170217,9,몰입이 잘돼서 좋았음 재판 장면을 좀더봤으면 좋았겠지만 안나온 이유가 있겠지ㅠㅠㅠ  
20170217,9,정말 감동적인 영화였는데.... 끝부분이 좀 아쉽네요.... 끝에부분에 재판장면 더 있었으면 더더 좋았을텐데ㅠㅠ 영화는 정말 괜찮아요  
20170217,9,인간에 대한 따듯한 시선과 믿음이 만들어내는 힘에 대한 이야기  
20170217,10,"실화를 바탕으로 한 영화는 많았지만 배우들의 감정과 사실에만 집중하는 영화와 달라요. 대사 좋고, 경찰과 검사가 보여준 극악무도한 사실이 느껴졌어요. 무죄가 밝혀져서 어찌나 감사한지! 이 영화를 만든 모든 제작진과 배우분들 정말 수고 많으셨습니다  "
20170217,10,많은말이필요없다굳굳굳  
20170217,9,관람객이영화처럼 죄를 짓지도 않았는데~ 누명써서 한 사람에 인생을 망치는 이런 일들이 생기지 않는 사회가 되면 좋겠네요~  
20170217,10,시간 가는 줄 몰랐음. 현 대한민국 꼬라지에 빡쳤던게 그나마 좀 풀림. 답답한 게 좀 풀려서 좋았음.  
20170217,10,관람객강추강추두번보세요 !!!!  
20170217,1,영화시간이 너무길게  느껴지녀요...  알바댓글에 속았네....ㅠㅠ  
20170217,9,관람객배우들 연기가 살림 넘나 사이다 ㅠㅠ  
20170217,9,관람객재미있게봤어요^^추천합니다  
20170217,9,관람객정우 연기 많이 늘었다ㅎ마지막 실제 인물이 사진과 함께 이름까지 나오는건 변호사계의 우상화를 시도한것같아 별로ㅜ  
20170217,10,어느 순간 울고 있었어요 ㅠㅠ 다들 연기가 장난이 아니더라구요 좋은 영화 잘 봤습니다~  
20170217,5,"실화를 등에 업은 비통한 원죄, 그 심정을 대변하는 호연, 허겁지겁 감성에만 젖어드는 상업적 연출의 한계.  "
20170217,9,실화를 인물 중심으로 풀어낸 영화.재판 장면으로 시원한 해소를 원하는 사람이라면 비추. 인물의 감정선을 따라가며 교감하기에 두 젊은 배우의 연기는 훌륭함. 무리한 설정은 있으나 억지 감동은 없는 담백한 영화  
20170217,10,관람객영화같은 영화~ 실화를 다뤄 생동감과 감동을 전하기에 충분했습니다^^  
20170217,7,관람객세줄요약1.형사 ㅈㄴ패고싶은영화 2. 강하늘이 겁나불쌍함ㅜㅜ3.증거자료보시죠  
20170217,10,관람객믿고 보는 정우...잘봤습니당!  
20170217,9,기대안하고 봤는데 정말 감명깊게 보고 왔습니다!  
20170217,9,관람객잘 봤습니다  마지막에 생각보다 감동  
20170217,10,정말 재밌게 잘 봤어요. 배우분들 연기력에 감탄 또 감탄 크으으  
20170217,10,"관람객정우,강하늘 연기 정말 감동적이었습니다.스토리를 이어나가는 각본과 연출도 좋지만연기력이 정말 돋보였습니다  "
20170217,10,관람객감동입니다인간애가 느껴지네요.  
20170217,10,감명깊게 봤습니다. 영화가 더 대박이 나서 이러한 문제들이 더욱 공론화되었으면 좋겠다는 생각이 드네요...  
20170217,9,관람객실화라 더재밋었음 재판장면도 있었다면 더좋았을듯 ㅎㅎ  
20170217,10,관람객배우들의연기 스토리 심리변화 다좋다  
20170217,10,관람객실화바탕으로한영화 볼만했음  
20170217,10,진실이밝혀져서 정말 다행입니다! 연기자분들 연기 너무잘하심~~~!!  
20170217,9,나쁜놈들이 너무 많아요ㅠㅜㅜㅜ이나라 참ㅜㅜ  
20170217,10,강하늘하고 정우 연기 대박입니다. 진짜 눈물나오고 이런영화 만들어주셔서 감사합니다. 제가원래 이내용 잘 몰랐었는데 자세하게 알게되고 관심이 생겨서 그분의 억울함을 같이 느낄수 있어서 좋았습니다ㅜㅜㅜ 진짜 이런영화 많이나와서 많은진실들이 밝혀지면좋겟네요  
20170217,8,영화로만 존재해야 할 사건이 실화라는 게 너무나 안타깝다... 나같으면 어울해서 못살 것 같음...  
20170217,10,"사이다 영화라기보다는 두 배우이자 두 사람의 호흡이 중심이 되는 영화였다. 그랬기 때문에 처음부터 끝까지 루즈함 없이 쭉 볼 수 있었다. 또, 억지로 끌어내는 감동이 아닌 절제된 감동이었기에 좋았다. 내 3번째 인생영화.  "
20170217,10,요즈음 보이는 검사들의 모습들이 투영되어있는 듯도 하고... 위안도 되면서 배우들 연기도 좋았음  
20170217,8,관람객내용은좋은데..스토리가 좀약한거같네요..그래도 볼만한영화에요~  
20170217,9,정우. 강하늘 연기 최고다  
20170217,10,진실을 밝혀주셔서 너무 감사합니다. 응원할게요. 끝까지.  
20170217,10,오늘 수업 끝이라는 정우의 대사에 관람객 다수가 크으...를 외쳤어요  
20170217,10,최근 본 영화중 최고에요  
20170217,8,진짜 별 기대없이 봤는데 괜찮았던 듯  이거 보면서 눈물 좀 나더라  
20170217,6,언제쯤 터지나 한~~참  기다리기만 하다 끝난 영화.권선징악은 맞으나 시원하게 터지지않음. (참고)  
20170217,10,이 영화를 최순실이 싫어합니다.  
20170217,4,그것이 알고싶다를 보여주는것이 더욱 좋았을텐데  
20170217,10,보면서 화나다가 배우들 연기하는 모습에 놀람..(너무 잘해서)  
20170217,10,관람객슬프구 안타까운 얘기... ㅠㅠ 재밌게 잘봣어요 ㅎㅎㅎ  
20170217,8,관람객정우믿고 본 영화 ㅠㅠ짱잼  
20170217,9,관람객사법권의 횡포를 제대로 다룬영화  
20170217,7,1. 실화를 바탕으로  했기때문에 몰입감  2. 그것이 알고싶다에서 약촌오거리 택시기사 살인사건 내용 3. 없는죄도 있는죄로 뒤집어씌우는 대한민국 썩은 형사들과 검사들의 비리를 밝혀주는 영화.   4.  유전무죄 무전유죄  5. 대한민국 법은 썩었다  
20170217,10,보는 내내 같이 원통하고 억울하고 속상해서 눈물이 자꾸 났습니다.. 요즘같이 뭐같은 한국사회에 너무 잘맞는 영화이지 않나 싶구요. 정말 잘봤습니다..!!  
20170217,8,관람객처음부터  끝까지  하나도  지루하지  않고  연출도  좋았다.  
20170217,10,"강하늘 인생작, 정우의 재발견 ,  김혜숙의 진면목  "
20170217,9,이런 영화가 앞으로 계속 나와야한다고 생각합니다!! 진심 다행입니다~  
20170217,10,먹먹하고 씁쓸하나 정의와 희망을 보여준 영화  
20170217,10,지금 막 보고 나오는 길입니다. 배우들의 손짓 하나 말 한마디 하나도 놓치기 어려울 정도로 연기와 스토리가 훌륭하네여. 감동적입니다.  
20170217,8,"관람객잘 봤어요, 정우 연기력이 좋았지만 실화를 바탕으로 하니 다소 흐름이 원할하지 못한점은 곳곳 들어나네요 ㅡ 그래도 만족합니다^^  "
20170217,8,관람객끝2분만허무하고볼만합니다  
20170217,5,오랜만에 삼류영화를 봤다...연기는 뭐..나쁘지않다  
20170217,10,관람객너무너무재미있어요 가슴이너무아팠어요  
20170217,8,관람객억울한 사람이 더는 없길  
20170217,1,우울해지는 영화.. 답답하다  
20170217,8,기대안했는데 재밌게봤어요  
20170217,10,관람객재밌습니다. 정말굿굿굿  
20170217,9,관람객재밋었늠데 마지막이좀아쉅기누햇지만 짱짱  
20170217,6,"그냥그런영화, 중간중간 내용이 연결이 약함  "
20170217,10,관람객폭력과 권력과 돈이 지배되는 세상... 정말 화가난다  
20170217,10,"이 영화가 실화라는 점이 울컥하게 만들었지만 이 배우들이어서 정말 영화의 진정성을 잘 살린 듯 하다.믿고 보는 배우,  정우 강하늘 이동휘 그리고 엄마. . 김해숙님 최고셔요  "
20170217,1,유치찬란....열자  
20170217,10,정우 강하늘 명연기는 물론이고 완전 김동적임 다시는 이런일이 일어나지 않기를... 꼭보세요  
20170217,9,감동적이었습니다~세상이 정의로운사람들이 승리하길 바랍니다  
20170217,10,배우들 최고의 연기와 실화를 바탕으로해서 감동도받고 지금 나오는 영화 중에서도 볼만합니다.세상에 억울하고 약한자가 많이 구제됐음 좋겠어요~  
20170217,9,관람객명연기 정우 강하늘 진심으로 멋지다!  
20170217,10,고등학교 3학년이 되기전 마지막으로 친구들과 영화를 본 여학생입니당. 영화를 본 시간이 아깝지 않을만큼 너무나 감동적이고 한번더 이 사건에 대해 관심을 갖게 되었어요!!무엇보다 배우분들의 인상적인 연기가 기억에 남는것 같아요 ㅠㅠㅠ  
20170217,8,평상시 자신의 행실은 위기 상황에서 올무가 될 수도 있다. 항상 몸가짐을 조심합시다.  
20170217,8,관람객배우들의 연기가 빛나는 영화  
20170217,10,정말 감정이입하면서 보게된 영화입니다 ..  
20170217,9,관람객실제있었던 이야기라니 놀랍기도하고 신기하네요 어쨋든 저는 재밌었어요~  
20170217,10,10점이 만점이라는게 아쉬울 정도 .. 약촌오거리사건을 담백하지만 깊은 울림있는 대사들로 재구성했고 이를 명연기로 표현해준 배우들에게 박수갈채를 보내줘도 전혀 아쉽지 않은 그런 영화 .. 방금 보고와서 처음으로 평점 올려보네요 정말 ㅜ  
20170217,7,관람객결말이 조금 아쉬웠습니다..  
20170217,10,관람객배우들 연기도 좋고 개연성도 좋아요  
20170217,8,관람객재밌게 봤습니다...  
20170217,10,관람객오래만에 좋은 영화 감동이였습니다  
20170217,9,재밌네. 권력이란..  
20170217,10,좋은 영화였다.. 추천한다.  
20170217,10,관람객그 검사와 동기변호사는 어떻게 됐을려나  
20170217,10,영화끝나고 엔딩크레딧나오는데 박수칠뻔했어요.. 정말 마음이너무 따뜻해지는영화ㅠㅠ오랜만이에요  
20170217,10,짱짜라라짱진짜재밌어요  
20170217,10,좋았는데 마지막이 좀...  
20170217,9,시간 가는줄모르고 보았습니다 그리고 경찰도 변호사도 이젠 믿지 못할것같은 느낌을 영화를 통해 느꼈습니다  
20170217,10,정우의 연기에 감탄하고간다  
20170217,9,관람객너무좋았어요~~~!!  
20170217,9,관람객억울하게 법 앞에서 불평등한 대우를 받는 사람들이 줄었으면 합니다. 그리고 과거 사법권의 잘못된 과오는 반성을 하고 피해자들에게 씻을 수 없는 상처를 준 것에 대한 국가적 보상뿐아니라 제도적인 개선이 되었으면 하는 생각이 드는 영화이네요. 잘봤습니다.  
20170217,5,극중 현우와 준영의 내적갈등과 고민도 좋앗는데 재심청구과정과 판결에 이르는 법적인 부분이 더 보여졋으면 잼낫을듯 좀 지루햇음 개연성이 부족한내용도잇엇고  
20170217,10,관람객재밌어요~~~실화라는게 정말  화가나네요  
20170217,9,"무거울 수 있는 주제이고 진지한데, 그 모든걸 진심으로 풀어내어 감동적인 영화.몰입도 잘되고 세상이 아직 선하다는 희망을 느끼게해줌/아쉬운건 개인적인 강력한 한방 그거 빼면 다 정성스럽고 만족스럽다!!  "
20170217,8,관람객형사는 정말 한대 때려주고싶다 약간 억지스런 연기도 없지않아 있었지만 크게 지루함없이 봤다  
20170217,10,영화 보는 중간 울컥울컥  
20170217,5,배우들 연기는 괜찮았어요.. 그런데 많은 인물들의 성격이 변하는데 개연성이 어색해요. 스토리도 억지로 이어맞추려고 하다 보니 영화보는 내내 몰입이 잘 안됐네요.ㅠㅠ액션신과 억지감동신은 없는게 나았을 것 같습니다.  
20170217,8,재미는 있지만 화가나는 영화 !!  
20170217,9,재미있어요.감동적이구요 강하늘연기잘하네요  
20170217,6,관람객그냥 드라마 한편 본것 같음  
20170217,10,나만  당할수는 없지  ㅎㅎ  
20170217,9,웰메이드영화입니다 짱짱!꼭보세요 돈이아깝지않습니다  
20170217,10,평론가들  글  꼬라지 하고는...  
20170217,10,기대 이상. 연기자들의 연기가 소름 돋았습니다.  
20170217,5,관람객심적으로 슬픈현실 보는내내 억울  
20170217,9,관람객잘생긴 정우씨와  하늘씨 잘 봣어요세상을 향한 이야기..마음이 속상햇네여..재심 화이팅!  
20170217,9,배우들연기가정말일품이네요..실제사연이라니..더욱몰입이되었던것같습니다  
20170217,10,감동 그자체...배우들 연기도 너무 좋고 따뜻한 영화입니다. 실제 사건도 잘 해결되어 정말 다행이네요!! 강추합니다ㅋㅋ  
20170217,9,관람객음...그냥그랬어욤  
20170217,10,도가니이후 최고의 실화범죄드라마!!! 더이상 억울한 일없이 공정한 세상이 되길 간절히 바라봅니다.  
20170217,10,완전 감동적으로 봤어요 근데 짜증나는영화다 진짜 뭔가 찜찜하게 만드는 재주있네  
20170217,10,관람객아주 재밌게 잘 봤습니다. 연긷 잘해용  
20170217,10,감명깊은 영화입니다.  
20170217,9,강하늘.정우 연기 역시 믿고 봅니다. 김혜숙선생님..역시 대박입니다요..  
20170217,9,관람객재밌다고 해서 봤는데 딱 그정도인거 같아요~지루했던거 같아용^^  
20170217,9,진짜 재밌었는데 재판장면 기대한 사람은 조금 아쉬울수도 있어요  
20170217,9,강하늘 정우 둘 다 좋아하는 배우라서 보러갔었는데 너무 기대이상 마냥 무겁기만 할줄 알앗는데 무거움속의 정의 가 있고 보고나서 감동받음 감동의 눈물이 주륵  
20170217,10,배우분들에 연기 진짜 엄청나요.꼭 보세요!!  
20170217,8,관람객보는내내 가슴 먹먹하네요  
20170217,9,관람객영화잘만들었어요ㅋ재밌게 보고갑니다ㅎ  
20170217,10,정말 정의는 살아 있습니다.. 배우들의 연기도 짱!!!  
20170217,10,별점이 의미가 없다. 특별히 이 시대에 꼭 필요한 영화. 정의는 반드시 반드시 반드시 실현되며 이 땅에 억울한 누명을 가진 모두가 꼭 벗겨지길 간절히 바란다.우리는 지금 누구를 판단하고 있는가..  
20170217,9,관람객관객들은 눈물 흘리러 간게 아닌데 ㅜㅜ 억지 감동 조장만 아니었으면 좋았을 듯 해요...정우 연기 잘 하는 줄은 알고 있었지만 이 정도인줄은 몰랐어요. 이 배우의 앞으로의 작품이 기대됩니다!!  
20170217,10,관람객대한민국 국민이라면 꼭 봐야할 영화..그것이 알고싶다 약촌오거리편을 다시 봐야겠네요.정말 추천합니다.  
20170217,10,평점조작된 영화보다는 그래도 볼만하네 주고싶은 평점 7~8 이지만  그거보다는 재밌으므로 점수 일부로 10점 준다  
20170217,10,넘넘재밌어요ㅎㅎㅎ많은생각을 하게되네요  
20170217,4,뭐가 재밌다는거야 거짓말  
20170217,9,재심할때 정우가 사이다로 다말하고 검사측 표정 일그러지고 재판이긴후 표정들과 장면을 보고싶었는데 딱 자막만 나와서 아쉬웠던ㅜㅜ 그래도 넘 재밌게봤어요 강하늘 연기력에 감탄  
20170217,10,진짜 짜임새.스토리 구성은  크게 다른영화와 비슷하지않은데연기.대사로 .작은 반전 으로 승부를 보네  
20170217,10,강하늘 연기지존이네요 진짜 재판 장면은 10분도 안되는데 ㅋ 정우가 서류 찢을때부터가 진짜 시작! 문교수 좋아하는데 때리고싶다...  
20170217,1,이게 영화 작품이가 드럽게 재미없네 ㅋ  
20170217,10,영화는 끝나지 않는다.  
20170217,10,갓 영화에요 변호사이후 제일 재밌었어요  
20170217,9,박평식  씨OOOO야!!!!  
20170217,1,보지마라 후회한다기대 많이했는데  완전 속았다  
20170217,10,관람객너무재밌게봤어요해피엔딩이라 다행  
20170217,10,정말 좋은 영화다..옆자리에서 카톡질하는 놈만 아니였어도  더 집중해서 볼수 있었는데.. 한번 더 봐야겠음  
20170217,10,보고나서 대한민국이 더욱 싫어지고 이런일이 얼마나 더 있었을지 답답하고 먹먹했던 영화  
20170217,10,꼭 봐야 할 영화 사람들한테 많이 알려지길  
20170217,10,"영화 정말 좋습니다. 소재도 연기도때려부쉬고싶을 정도로 짜증이 나고, 슬퍼서 눈물이 났어요.이 세상에는 정의로운 경찰도 있겠죠?  "
20170217,10,투명하고 정직한 사회를 위해 우리는 앞으로 어떻게 살아야 할지 깊이 고민하게 만든 영화였다.  
20170217,10,관람객짱재미있어요 정우 좋아하게됨 ㅠㅠㅠ  
20170217,10,평소 영화관에서 영화 볼 때 매일 자는 사람인데..이번 재심 영화는 대한민국 국민으로서 잠이 올 수도 없었고 오지도 않는 훌륭한 영화였고 보는 내내 마음이 불편했습니다.  
20170217,9,"화난당 ㅜㅜ .,.,.  "
20170217,10,재미있게 봤음. 꼭 보셈. 근데 경찰들은 무슨 조폭이여? 영화보는 내내 그 경찰색휘들 쳐죽이고 싶었음  
20170217,10,재밌다!! 스토리도 좋고 돈이 아깝지않았다.다만 영화크랭크업이 판결 한달 전에 이루어져서인지 몰라도 결말을 설명하는 부분이 미흡하고 다소 급하게 마무리 지은 느낌이었다  
20170217,8,관람객재미나게 잘봤읍니다 좋은작품이라 생각합니다  
20170217,9,영화내용과 배우분들의 멋진 연기로 잘봣은데 마지막 결말이 조금 아쉬웟어요. 영화잘보고가요  
20170217,10,연기력 재미 감동 긴장감 정의 모두하나 빠지지 않네요강추입니다.^^ 600만 이상 예상이요ㅎ  
20170217,10,주조연 모든 배우들의 명연기  
20170217,10,관람객정말 10점이 아쉽지않아요!! 스토리도 탄탄하고 무엇보다 배우들 연기가 정말... 재미와 감동 둘다 주는 좋은 영화였어요!!  
20170217,7,이영화의 유일한 오점은 수정이의 연기력  
20170217,10,관람객정우는 사랑이죠  믿고보는 정우추천합니다 정말 기대이상 ~~~~  
20170217,10,영화 이름이 재심인데 막상 진짜 멋있거나 그런 재판장면없이 충분히 기대이상으로 재밌다..  
20170217,9,정우 강하늘 김해숙선생님의 연기력 정말 좋았습니다. 이 대한민국이 벌받아야 할 사람이 제대로 벌받는 사회가 됐으면 좋겠네요  
20170217,10,관람객지옥보다 더한 헬조선!어이없고 분하지만...봐야할강추!  
20170217,1,캐릭터 붕괴에 허접스러운 반전.. 대체 뭔소리를 하는건지... 실화라는거빼면 내세울거없는 한남충력 가득한  한남충 영화  
20170217,10,관람객실제 사건이라그런가 몰입도가 좋으며내용또한 흐름도에잇어 지승전결이끝내준다  
20170217,10,"정말 ,,, 내용으론 충분히 잘 전달됐고 감동이었다!!  "
20170217,10,관람객간만에 인간애도 느끼고 영화다운 후회없다고 여겨지는 영화를 봐서 정말 좋네요...간만에 감동있게 본 영화네요^^  
20170217,8,관람객아이들은 좀 지루해 하더라구요 잘봤습니다  
20170217,8,관람객좀더 막판이 통쾌했으면...  
20170217,1,진짜  돈도 아깝고 시간도  아깝고  
20170217,10,관람객재밌어욜 ㅎㅎ 감동적이네여  
20170217,3,"ㅎㅎ 평점 기대하고 봤다가... 실망망망망~ 아~~ 이제 시작인가 보다!! 지루하게 기다렸는데...자막 올라가네요. 사진 몇장 나오네요. 끝나네요.... 스토리는 변호인 보다 못하고, 시작하려니 끝나는 그저그런 영화, 박준영 변호사님의 다큐.  "
20170217,10,오늘 영화보고 그것이 알고싶다 898회 다시보기 했네요.우리나라의 이런 현실이 참....그래도 실제 주인공분 현재 두아이의 아빠로 잘 지내신다는내용보니 눈물이 났습니다.누군가 일부러 평점낮게 올릴까 심히 걱정스럽습니다.꼭 보세요들~~  
20170217,10,관람객뭉클합니다. 그리고 우리나라가 하루 빨리 사람앞에 평등한 법 강대국이 되어야한다고 다시한번 생각하게 만드는 영화네요  
20170217,10,실화를 잘 풀어서 영상에 담아낸 영화  
20170217,10,와 진짜 보면서 계속 울었어요....너무재밌고 감동적인영화  
20170217,8,이런게 현실이라니~ 경찰 그쉐키 꼭 당한만큼만 처벌받기를 바란다  
20170217,10,관람객뭐 그럭저럭 볼만한 영화  
20170217,10,검사역  한 연기자 진짜연기잘한다.ㄷㄷ  
20170217,8," ""전재산 받아본 적 있으십니까. 제가 이겼습니다""  "
20170217,8,"관람객""신파""라 하기엔 ""실화""의 무게가 묵직하고  ""연기""는 더욱더 강렬하다!  "
20170217,1,솔직히 진짜 최악입니다. 이렇게 좋은 소재를 가지고 액션이 나오고 억지요소가 너무 추가되고 ....  
20170217,10,관람객가슴이. 먹먹 합니다~~그래도. 우리가. 사는 세상에. 좋은. 사람이. 있다는게. 좋습니다~~  
20170217,9,재판의 초점보단 과정에 초점을 맞춘 영화.어디서 많이 연기해 온 캐릭터이긴 하지만 그래서인지 더 연기가 소름돋았다.  
20170217,10,감동적. 눈물이 몇 번 이나 나올뻔했음.  올해 최고의 영화.  
20170217,10,정우님 강하늘님 덕분에 몰입해서 봤습니다 ㅠㅠ실화라는게 너무 가슴아프네요 다시는 이런일이 없었으면 합니다 ㅠㅠㅠ  
20170217,1,너무 별로 카드 시시회당첨되서 갔는데해도해도 너무 전개도 이상하고 마지막은 또그게뭐임 정우 연기는잘함 영화볼바엔그것이알고싶다 찾아보는게날듯 돈주고받으면더짜증났을듯  
20170217,9,아련하게 가슴을 울린다. 다만 우리가 원했던건 동네 형사의 굴욕장면.  
20170217,10,보면서 푹빠져서 눈물날뻔ㅠㅠ  
20170217,10,배우들연기가진짜와..  
20170217,10,오랬만에 잔잔하면서 억울함을 정의의 변호사 재심전문변호사가 있어 16년만에 무죄판결난 좋은영화입니다  
20170217,10,재미있고 많은 걸 생각하게 한다  
20170217,10,어디하나 빠지지 않는 연기력 어벤져스  
20170217,10,"'너 시방 웃은 거니?'라고 눈먼 에미가 오랜 세월 웃음을 잃어버리고 살아온 아들에게 묻는다. 이 장면에서,  웃음은 자신에 대한 믿음과 타인에 대한 믿음 속에서만 무심코 터져나온다는 것을 새삼  생각해본다.  "
20170217,10,연기 짱 스토리 탄탄 실화인게 소름돋네요 ㅠ  
20170217,10,"정우의캐릭터, 김해숙의 믿고보는연기, 강하늘의발전, 실화바탕의스토리능력  "
20170217,10,배우 한명한명의 연기가 진짜 '미쳤다'  배우 '강하늘'은 찾을수가 없고 단지 10년을 감옥에서 보내 억울함과 슬픔이 응어리진 한명의 소년만이 있을 뿐이다.  
20170217,9,신파적으로 억지로 감정을 자극하지 않아 좋았고배우들의 연기도 인상깊었습니다오랜만에  좋은영화 잘 봤습니다  
20170217,6,마무리가 다소 급하게 지어진듯 했으나 주인공 케미도 잘 어우러지고 비참한 대한민국 법조계 현실을 잘 담아낸 영화  
20170217,10,김혜수 울음 치트키 너무해 너무해  
20170217,9,관람객이런 억울한 경우가 더이상 없기를?  
20170217,8,영화를 보면서  주연연기 너무감동이었고   잔인하게 무고한사람  앞길를저렇게  폭력과 망가뜨리는모습에  가슴이답답하고 눈물이남   정우분 연기너무멋지고 매력넘처요  마지막에  내가슴에 답답함을 풀어주네요 서로존중하는사회가되기를.바...  
20170217,10,초반에는 먼가싶지만 점점 빠져들고 마음이 너무 아프네요  
20170217,10,이 영화를 통해 전해주는 메세지는 아마 본인 스스로가 잘 깨닫게 될 것이다.  
20170217,9,형사~진짜 혼내고싶다~넘 리얼 나쁜놈실화라서 맘속에 와닿아서 볼만한 영화인듯  
20170217,10,관람객너무재밌었어요! 강하늘 존잘ㅠㅠㅠㅠ  
20170217,10,변호인 버금갈만한 진짜 재미있어요  
20170217,10,보는 내내 분노했다 오랜만에 본 돈이 아깝지 않은 영화  
20170217,10,연기최고 비인간적인사람이너무많다 ..  
20170217,5,감독이 무슨 생각으로 만들었는지 모르겠지만 영화상에선  약촌시에 오거리가 있는거마냥 해놨는데 익산시에 약촌오거리 라는 '오거리'가 있는거다 오로지 '사건'만 가지고 영화를 만든거같은데 여지껏본 실화기반 영화중에선 제일별로였다. 5점을준건 연  
20170217,10,우리나라의 현실을 깨닫는 영화  
20170217,3,구냥 구랬어요 그냥 코메디가 나은듯  
20170217,10,꼭보시길바랍니다 미안하네요  
20170217,10,이건 공조처럼 입소문 쪼로록 올라오겠군.... 너희 시작은 미비하였으나 그 끝은 창대하리라~!! 대박나라~!!  
20170217,10,배우들 연기도 좋고 두시간이 어떻게 지나갔는지 모르겠네요.너무 재밌게 잘봤습니다!!  
20170217,10,정말 최고네요.처음부터 끝까지 지루할 틈이 없네요.억울함을 풀어준 의로운 변호사가 한 사람의 인생을 바꿨네요.이런분들이 계셔서 세상이 따뜻하내요 .  
20170217,10,정우 강하늘 이동휘 연기 지립니다...마지막에 영화관 사람들 훌쩍훌쩍하는 소리가...ㅜㅜ  
20170217,10,이나라에 이런실화가 있어서 다행입니다 영화재밌어요  
20170217,8,관람객최근 비슷한 내용의 영화가 많긴 한데...마지막에 짠 합니다  
20170217,10,관람객재밌어요 강하늘 짱!!!  
20170217,10,연기 정말 잘한다...명연기  
20170217,8,관람객지루한듯 하면서 지루하지않네요~잘봤어요  
20170217,10," 사람은 성인군자가 아닌 이상 실수를 할 수 있습니다.. 법조인도 마찬가지죠 다만, 이를 인정하고 책임을 지는 자세가 있느냐 문제입니다. 조조로 보고 왔는데 생각이 많아지고 자신을 되돌아보게 됩니다. 박준영 변호사님 응원합니다!  "
20170217,10,형사가 무슨 조폭이야?  
20170217,8,흐름이 깔끔하지는 않지만 명대사와 명연기  
20170217,9,관람객배우들의 연기력에 깜짝 놀랐습니다.  완성도가 높은거 같지만 끝이 조금 맘에 들지않아 9점입니다  
20170217,10,잼있습니다.  감동입ㄴ다  
20170217,6,관람객중간이후부터 집중이 안되드라... 먼가 짜집기느낌?!  
20170217,10,어제 7시에 저혼자봤는데 강하늘.정우 오빠들 연기짱짱  
20170217,10,관람객이게 실화라니 대한민국 법이 욕 듣는 이유 한가지 나왔네요  
20170217,6,"아 내용이 일단  좀 아쉬워요 스토리도 엉성  긴장감도  전혀 없고  정우 연기만 좋았지 다른 부분은  다 그저 그래요 보는 내내 변호인 생각나고 따라한 느낌도 나는데 거기서 비해 너무 내용도 엉성하고  그래요 ,,, 한마디로  재미없어요  "
20170217,10,영화 좋습니다!!! 엄지척 10개 란 아까움...  
20170217,10,"그냥 말이 필요없음.... 스토리가 실제사건 이라서 그런지 감정이입이 최고였고 강하늘,정우의 연기가 압권. 이동휘의 새로운 연기도 좋았어요  "
20170217,10,"연기가 정말 잘하시고, 재미보다는 꼭 우리가 알아야할 것 같습니다  "
20170217,8,관람객재밋엇는데 변호인이랑 너무 비슷햇어요 ㅠ  
20170217,10,소름끼치는 현실을 ....그래도 이만하면 잘만들었다  
20170217,7,관람객너무기대해서 그런지 실망함  
20170217,9,1000번째 달성..  
20170217,10,대한민국을 뒤흔든 택시기사 살인사건 발생! ?유일한 목격자였던 10대 소년 현우는 ?경찰의 강압적인 수사에 누명을 쓰고 10년을 감옥에서 보내게 된다  이부분 줄거리만 실화네. 옛날에 뉴스기사에서 봤는데.  
20170217,1,지겨워 지겨워 지겨워 맨날 사회비판 똥폼잡는 김치영화 지겨워 지겨워 지겨워  
20170217,1,관람객유치함 오글거려요~~~  
20170217,9,한국영화 별로 안좋아하는 내가 올해 처음으로본 상업영화  
20170217,10,배우들 연기가 진짜 말이 안 나옴  
20170217,9,관람객실화인데다 정우와 강하늘의 연기가넘 실감났어요.볼만합니다.  
20170217,10,관람객믿고보는 쓰레기 정우오빠! 강하늘!  
20170217,8,"연기력과 전하고자 하는 메세지가 분명한 영화.다만 실화라서 너무 마음 아프고, 이런 억울한 사건들을 보고영화가 끝나면 먹먹하고 답답한 마음이 있었습니다. 조금 화가 나지만 그래도 감동으로 앤딩되어 좋습니다.  "
20170217,6,연기로 커버하다..정우 주연 영화가 더더욱 나왔으면  
20170217,10,정말 모든 사람들이 꼭 봐야 할 영화  
20170217,10,어제 보고 왔는데 지루할틈없이 전개되는게 잼있었고조작된도시 볼까 하다 봤는데 후회 안함?박준영 변호사님 올 아침 뉴스에서 봤는데 이런분들이 많이 계셨음 하는 바램이네요~~재판부와 이사건에 관련된 부조리한것들 모두 엄벌에 쳐해야 함!  
20170217,6,그것이 알고싶다 처럼 사건의 진실을 파헤치는 방식에 익숙한 사람이라면 이 영화를 보고 실망할수 있다. 이 영화와 그알의 접근 방식이 완전 다르기 때문이다. 그저 휴머니즘에 초점을 맞춘 영화  
20170217,10,관람객꼭 보세요~후회없음돠^^  
20170217,10,관람객재밋었음 연기를 너무 잘함  
20170217,10,박준영변호사님 고맙슷ㄴ  
20170217,10,재미있게 봤어요. 긴장감이나.막장도 아니면서   빠져들어서  봤내요  
20170217,10,캬 역시 짱이네.ㄷㄷㄷ  
20170217,3,정우의 연기가 돋보이는 뻔한 한국영화 그 이상 그 이하도 아님  
20170217,10,최근에 봤던 영화중 제일좋았어요~퇴근하고 겁나피곤한상태에서봤는데도 초집중..울다 열받았다 그러다 나왔어요! 강추합니다 일단 연기가..대박임 다잘해요  
20170217,10,진짜 연기 잘하네요..눈물이 ㅠㅠ  
20170217,10,관람객굳 .. 연기력도 물론이거니와.. 악당역할은 정말.. 형사 캐릭중 손꼽히는  밉상진상 ㅋㅋ  
20170217,4,연기는 그런대로 평탄했지만 연딩도 흐지부지더럽게 재미없음  
20170217,10,요즘 한국영화 괜찮은 영화 참 많다  
20170217,10,정우형님 연기력 장난아닙니다... 역시 믿고보는 배우~!  
20170217,7,권선징악에 익숙한 국내 관객에겐 의문이 느껴질만  
20170217,8,와..정우란배우가이리연기를잘했나명배우다증말 우는연기는연기가아닌것같을정도라느꼈음  
20170217,10,어쩜.... 배우들 하나같이 이렇게 연기를 잘 할 수 있나요...? 몰입도도 너무 좋았고 다 좋았습니다  
20170217,10,실화를 바탕으로 한 영화.. 정말 의미있게 봤습니다.  
20170217,8,관람객김하늘과 김해숙의 명연기가 추접하게 콧물까지 흘리게함 하지만 너무감사함  
20170217,10,정우 강하늘 대한민국의 진정한 국민들이 보길 바란다  
20170217,10,이 변호사님 찾아뵙고싶습니다. 억울하고 마니 괴로워서 우울증도 걸린거 같아요. 담달이면 한국 떠나는데 최종 대법원까지 갓어도 많이 어울해요 ㅠ  
20170217,10,대박 정우가 너무 멋있다 !!!!  
20170217,10,관람객오랜만에 찡한 영화엿네요..보면서 몇번을 훌쩍엿는지ㅠ인간적인 법조인들이 이나라에 좀 만앗으면합니다..마지막에 변호사?아..알겟더라고요..언론에서 몇번봣는데..역시 이분이 해내신거군요^^기사보고 가슴이 뭉클햇는데..앞으로도 응원하겟씁니다...짝짝~~  
20170217,10,진짜 꼭 봐야하는 영화ㅠㅠ 정우랑 강하늘 연기너무잘해서 소름돋음  
20170217,9,다른건 다 좋았는데... 마지막 재판장면이 뭔가 하이라이트인것 같은데 재판장면이 다 안나오고 자막으로 처리한게 아까워요 ㅜㅜ  
20170217,10,관람객볼만했어요 배우들 연기력은 좋다  
20170217,10,내평점 80년대 90년대도 아닌 2000년도에 벌어진 일이라니...OOO기같은 현실이 지금도 이어지겠구나 싶은게 참으로 대한민국에서 살기 싫어지게 만드는 영화~~언제바뀔까  
20170217,10,연기 장난아니네요..ㅎㅎ  
20170217,2,네 ...뭐... 기대이하였어요ㅠ마무리도 대충 빨리끝낸느낌이고 ..그래도 정우연기는 좋았습니당  
20170217,9,관람객완벽한 휴머니즘....  
20170217,10,"탄탄한 스토리와 흡입력, 믿고 보는 두배우. 지루하지 않은 전개와 너무 무겁지만은 않은 요소 요소가 큰 감동과 소소한 재미를 선사한다. 꼭 보세요.  "
20170217,10,리얼 후기 말해준다우선 평점 낮은애들 글 종합하자면 크게1. 결말허무2. 정우연기안어울림이두가지인데 우선 결말은 정우가 마지막 한마디 하고 영화끝나는 순간 온몸에 전율이 흐른다그리고 응사 팬으로써 첨엔 정우 안어울릴것같았지만 진심 명배우 ㄹㅇ  
20170217,9,"답답하게 풀어갈까봐 약간 무거운 마음으로 보러갔는데 의외로 긴장감과 흥미를 적당히 섞어 박진감있게 풀어가네요. 변호사법 1조 1항 언급에서 울컥했고, 죄지은 만큼 벌 받으니 지옥은 공평한 곳이라는 말이 인상깊습니다.  "
20170217,10,역대급 .. 천만관객 갈것같다...  
20170217,5,재미없음 관둬야지 모~( 요즘 드라마 김과장에서 나오는 유행어임..) 이런 영화는 재미로 보시는건 비추천..예전에 송강호 나왔던 변호인? 그런 류로 보심 꿀추천..그래도 갈등생기고..고민 때리면 관둬야지 모 ㅋㅋ  
20170217,10,관람객감동적이고 재미도있었고 몰입력좋았다  
20170217,7,관람객강하늘 정우 연기 좋아요  
20170217,4,관람객고구마 ㄹㅇ 100개 먹은듯  
20170217,8,관람객시절에 따라 자꾸 이런 영화가 나오는데 사법부에 대한 불신이 더 깊어질까봐 우려가 되기도 한다~영화와는 달리 현실의 사법부는 공정하리라 믿으며^^  
20170217,2,진짜 솔직히..괜찮은데..재미가조금..부족하지않았나...재미로보는영화스토리가 아닌건알고있었는데 결과도..쫌...  
20170217,10,가슴 따듯하고 뭉클.. 내내 집중해서봤네요  
20170217,10,감동적! 정의는 있다!형사들 진짜 개짜증남  
20170217,6,스토리는 괜찮은데 중간중같 나오는 배우들이 개연성이 부족하면서 너무 뜬금 없었음ㅠㅠ  
20170217,10,진짜 명연기 마지막에 재판장면 이짧아서 아쉽지만 평소 이런곳에 관심이많았는데 너무 소름끼치는 영화 명작임 대박  
20170217,9,"상식과 법이 다르다는 점, 상류층의 상식은 우리들의 상식과는 다르게 생각한다는 점 , 지금 상식과 비상식을 따지고 있는 이 시점에서 법이 상식이라는 걸  꼭 가르쳐야 할 때 인듯 하다.  "
20170217,10,내가 저 상황이었으면 어땠을까 감정이입되게 하는 최고의 연기력 그리고 미안합니다.  
20170217,8,관람객내용은 빵빵하지만 무거운분위기라 중간중간 눈이 감겼음  
20170217,9,비오는날 보고왔습니다. 가슴이 먹먹해지고 제가 그 억울한상황에 당했다면 어땠을까? 라고 보는 내내 생각해봤습니다. 배우들의 연기도 너무 좋았습니다. 더 좋은 사회가  되도록 많은분들이 봐주시고 다음부터는 부디 이런일이 없길 바랍니다.  
20170217,10,"정말 꾸밈없이 재미있게 봤어요~ 실제 사건을 모티브로 만든거라 더 집중할 수 있었네요. 자연스러운 정우의 연기와 훈훈한 강하늘의 연기덕분에 감동과 재미 둘 다 느낄수 있었고, 조연들의 연기도 돋보였습니다!  "
20170217,8,관람객재밌다 근데 화난다 하지만 재밌다  
20170217,10,"관람객준법정신.. 법치국가.. 법,, 참 어려운 문제다  "
20170217,1,똥심... 맨날 하는 애기가 살인자. 씨부랑..  
20170217,10,관람객연기 다들 너무 잘핼요 ㅠㅜ  
20170217,7,감독의의도충분히알수있는영화배우들연기 주연.조연할것없이넘나잘합니다.흥미진진하고특별나게재미있는영화는아니지만한번쯤충분히봐야할영화라생각합니다  
20170217,10,말이 필요없다 한국영화 흥해라!  
20170217,9,관람객배우들의 명연기 좋았습니다  
20170217,9,관람객화가나기도 하면서 속시원한 영화였어요실화를 바탕으로 해서 그런지 더 마음이 아팠습니다..잘만드신거 같아요!  
20170217,8,관람객연기가 짱입니다. 굿굿  
20170217,8,관람객재밋네요 연기좋음 그레이보다 훨씬나음  
20170217,10,관람객정우도 강하늘 연기도 정말 짱입니다♡  
20170217,10,관람객연기력들이 ㅎㅎㅎ 대박이에요보면서 화딱지가 낫지만... 너무 재밋게 봣어요~~  
20170217,10,관람객마지막이쪼끔아ㅛㅟ움...근데 꿀잼  
20170217,5,극화가 가진 힘과 한계.  
20170217,10,진짜배우분들 연기최고고 그중에 강하늘씨 연기가 최고에요지루하지않고 꼭 봐야하는 영화라고 생각합니다  
20170217,1,괜히본거같네요...  
20170217,10,우리 사회에 더 이상 억울한 일들이 없었으면 좋겠습니다.  
20170217,10,방금 보고왔는데 재밌네요~연기도 좋고 내용도 실화라 더욱 몰입감이듭니다.  
20170217,5,감독한테 농락당한 기분  
20170217,10,관람객역시정의는살아잇네요  
20170217,10,"히트다 히트!!! 강스카이와 정우의 케미가 돋보이는 영화. 해숙씨와 경영씨, 그리고 민진웅씨까지 단역들의 연기가 탄탄한 영화!  "
20170217,10,먹먹해지는 마음 추스르느라 혼났다. 마지막에 증거들을 제시하면서 마무리지었으면 어땠을까  
20170217,10,"관람객단순히 강하늘이랑 정우를 보러간 영화였는데 일단 연기는 뭐 .. 아 진짜 연기 너무 잘햌ㅅ고 우는데 가슴이 아팠고... 막판에 울컥했습니다. 결국 잘되서 실화를 극화로 이렇게 보네요. 좋은 영화, 연기 감사합니다.  "
20170217,10,꾸울잼~~명작입니다  
20170217,9,중간 약간 루즈했지만 ..요즘 뻔한 스토리의 영화가 아닌 실화만이 가진 감동을 잘 이끌어냈다.  
20170217,9,연기력 굳. 실제 사건을 바탕으로 해서 몰입도 굳  
20170216,10,관람객진짜 속상하고 마음아팠지만 결말이 마음에 들었어요~ 2시간 동안 계속 집중할 수 있는 영화 였어요  
20170216,9,관람객우리나라에 저런변호사가 몇이나될까...  
20170216,8,솔직히 평점이 이렇게 높은지 몰랐네요.영화 의미는 좋으나 눈에 보이는 각색이 아쉬웠습니다. 강하늘 연기는 좋았으나 정우 연기는 그애 미치지 못했네요. 보급형 변호인이라는 느낌을 받았습니다. 결말 부분의 마무리는 나만 아쉬울까?라는 느낌을 받았습니다.  
20170216,10,"방금 익산 cgv에서 심야영화로 봤다 우리 집이 약촌오거리 근처인데,, 하핳  "
20170216,10,정우연기쩐다진짜!!!  
20170216,10,좋네요 너무너무 잘봤습니다.  
20170216,10,그냥 보세요 ~ ^^ 딱히 할말이 없네요  
20170216,8,관람객재미있었습니다 실제 사건이라는 이라는게 더 집중하게만듬  
20170216,10,ㅠㅠ대박입니다 재밌어여  ㅜㅜㅜ  
20170216,10,관람객배우들 연기가 명품이었습니다.  
20170216,9,무엇을 쫓아야하는지인생의 방향에 대해 생각하도록 해주는 영화.잘봤습니다.  
20170216,9,관람객연기력이 대단했다 두번봐도 괜찮을 영화  
20170216,10,관람객너무재밋었어요흥미진지  
20170216,10,흥미 진지 재미가 있다 꼭 봐야할 영화  
20170216,10,그알볼때부터 빨리해결했으면했는데..ㅠ 나약한 국민들만 피해보는...썩은나라ㅜ이런 변호사가아직있다는게 세상살맛납니다!!영화잘봤어요ㅠㅠ눈물찔끔  
20170216,10,평점 처음 남깁니다 꼭보세요 몰입도최고에연기력 압권이예요! 공조 더킹보다 훨씬잼나게 봤어요  
20170216,10,관람객보는 내내 눈물에 눈물입니다  
20170216,10,진짜 누명씌운 경찰은 죽어서도 죗값 치러야한다. 화나네  
20170216,9,"관람객저는 이런 류의 영화를 좋아해서인지, 보는 내내 배우들에게 감정이입하기 쉬웠고 다가가기도 흥미로웠습니다. 정의로운 사회를 만드는 사이다같은 스토리 적극 추천합니다!  "
20170216,10,정말 보는내내 대한민국에 이런 경찰 검사들이 있다는것도 화가났다.  정말 저런 약자를 위해 법이 도 강해져야 하는데..ㅠㅠ  
20170216,10,관람객기대한만큼 너무너무재밌어요!! 추천!  
20170216,10,잘못하면 지루할법한 법이라는 소재에서 긴장감있는 법정장면없이 영화를 풀어나갈수있는지몰랏다.  
20170216,10,"관람객정우, 강하늘의 연기가 빛났던 영화..! 다시는 이런 일이 없도록 해야한다. 그나마 진범과 그 형사들이 제대로 벌을 받았다고 해서 ㅠㅠ 다행이었다  "
20170216,10,관람객감동도 잇고 재밋음   억울하게 10년을  살다니!!!  
20170216,8,결말을 영화로만들었다면 십점만점에 백점.  
20170216,6,관람객슬프네영 현실이 ㅠㅠ 잼께봤어요  
20170216,10,잘봤습니다! 돈아깝지않은 영화였습니다.  
20170216,10,너무감동이었다...연기대박잘해...이리 몰입될줄이야첫평점이다 10점준다  
20170216,10,최고. 진심이 느껴지는 영화. 꼭 영화관에서 봐야 할 영화. 현실이 미안한 실화. 연기같지 않은 명연기의 장.  
20170216,1,영화보다 지루해서 잘뻔했다 결말도 어이없고  
20170216,3,영화보는 내내 답답했는데 막판까지 해소가 안된다. 의미는 좋으나 영화적인 재미와 구성은 많이 미흡...  
20170216,10,관람객재밌네요.추천합니다  
20170216,9,와 1번보기에 딱 좋음!!!!♥ 근데진짜 소름이다....   정말최고의영화!!  
20170216,6,9점대 영화는 절대아니고..스토리는 변호인과 완전 똑같음 카피수준  
20170216,10,정우x강하늘 배우 연기력도 좋고 오랜만에 진짜 영화다운 영화를 본 것 같다 여운이 아직도 가시지 않는다  
20170216,9,재밌게 봤습니다 주연들의 연기가 좋았어요!  
20170216,10,박준영변호사님 파이팅입니다. 대단하십니다.  
20170216,8,관람객억울한 누명 쓴 사람들 생기지 않았으면...  
20170216,10,실화라니 가슴이 먹먹합니다. 배우들 연기도 좋고 마지막 재판장에서 정우씨 대사가 마음에 오래 남네요. 잘 봤습니다!  
20170216,7,관람객재미는 있는데 약간 억울한 영화는 역시 보면 마음이 답답하다.  
20170216,10,대박.. 진짜 꼭보세요  
20170216,3,싸질러 놓고 치우지도 않고 마지막에 자막 몆줄 써주면 될줄 알았을까?  
20170216,1,배우들의 연기는 좋으나 고구마가 쌓이고 쌓이다가 마지막에 물 한모금 안주고 끝남... 근 몇년간 최악의 마무리영화  
20170216,10,내 인생을 재심하도록 도와준 영화.  
20170216,10,정ㅈ우와 강하늘의연기력은정말 ..bbbb지루함없이 재밋엇어요 끝에 변호를 멋잇게 할줄알앗는데 끝나버려서 아쉽긴햇어요  
20170216,10,배우분들 연기가 정말 좋았습니다  
20170216,10,관람객아직 이 세상에도 희망이 있다..  
20170216,8,관람객완전꿀잼 마지막의 아쉽ㅠㅠ  
20170216,8,관람객마무리가 좀 아쉬웠당.  
20170216,8,관람객잘보고왔습니다. 대박나세요.  
20170216,10,안믿을수도 있겠지만 정말 재밌게봤다  결말에 군더더기를 뺀건 현명한선택  
20170216,10,관람객억울한누명으로인해 10년동안 감방생활을하신 최군씨 얼른 사회생활 잘 할수있도록 도와주시면좋겠습니다  
20170216,10,연기 내용 모두 감동적!!!다시 또 보고싶다ㅠ  
20170216,6,관람객마무리가 넘나 허무해요  
20170216,8,관람객지루하지 않고 몰입할수 있었던 영화~우리나라의 부정부패 썩어빠진 경찰계와 검찰등...보는내내 마음 한켠이 답답해지고 가슴아픈 영화  
20170216,3,평점보고 기대하고왔는데 완전 무슨 평점알바천국인듯 연기력은 정말칭찬할만하지만 감독이 하고싶은 이야기가많은건지 아니면 사건이 이래저래 꼬였는지 개연성도 없고 오글오글 맨트들 .. 시간아까운 영화 그리고 배우가 아까운 영화  
20170216,9,제목과 달리 재판장면 없이 끝난게 좀 아쉽달까  
20170216,8,작품성은 좋았습니다. 다만 엔딩장면이 없다는게 참.. 허무하더군요.  
20170216,10,"배우분들 연기는 말이 필요없고  억지로 만든 멋있고  영화같은 장면은 없는 것 같다연출, 연기  모두 괜찮은 영화  "
20170216,10,연기력들...최고다 강추!!  
20170216,9,"재판 장면 없이 진행되고, 마무리되는 영화. 그래도 긴장감 있고 몰입됬으며 정의에 대해 한 번 더 생각하게 하는 영화.  "
20170216,5,관람객그냥 탄탄하지못했다 취지는 좋았으나 마지막이...  
20170216,10,앞으로 정우 강하늘 두배우의 영화는 믿고보는 영화가 될듯  
20170216,10,관람객생각보다 너무재밌어요!시간이 너무 빨리지나가버렸어오!ㅎㅎ강추추츄추추춫  
20170216,8,관람객우리나라의 현실이 너무 안타깝고 화가 났습니다.  
20170216,10,연기 정말 좋습니다.모든 사람들 연기력이. 최고!!  
20170216,10,관람객진짜 요근래에 본 영화중에서 가장 감동있고 지루하지 않은 영화였어요! 법을 배우는 학생으로서 많은 것을 느낄 수 있는 영화였습니다!  
20170216,7,관람객결말이 너무좋다 진짜 제일 결말마음에든다  
20170216,10,관람객이동휘....ㅂㄷㅂㄷ  
20170216,9,관람객정우랑 강하늘 연기잘하고 변호인이랑내용이비슷합니다  
20170216,10,완전굿!정우연기 너무잘해서... 근데엔딩쪽에 재판하는장면이 더나왔으면 더멋있었을텐데 ㅜ 암튼 재밌어요!!  
20170216,10,이게 실화라니 믿기지않네요..보는 내내 속이 턱턱 막혔어요 소름돋음 영화 흥해서 다시한번 사회적인 비판 받게되길  
20170216,10,관람객너무 재밋엇습니다 몰입도 최강이네요!!  
20170216,6,최군의 가슴 아픈 사연은 함부로 평가할 수 없지만 영화 자체로 봣을때 전개 방식이나 연출이 아쉬움이 많이 남아요...  
20170216,10,이런억울한일들이 이제는정말 없어져야합니다  
20170216,9,사람들은 정우같은 사람이 되고 싶어 하지만현실은 이동휘다.변호사. 검사들이 보고 판단한 느낌을 듣고싶은 영화.작은 빛으로 세상을 밝힐수있다 하지만너무나도 가혹하고 고독한 시간이다.  
20170216,4,기승전 까지만 있는 영화  
20170216,10,관람객감동   눈물    화도나고.속도상하고  
20170216,10,보는동안 슬프기도하고 답답하기도하고 화가 나기도했네요남자친구는 주먹 불끈 쥐고 봤습니다배우분들이 연기를 잘해줘서 더 몰입해서 봤습니다  
20170216,9,"익히 보고 들었던 내용인지라...결말까지 지루하고 갑갑할줄알았는데..전혀 지루하지도 답답하지도 않았네요. 다만, 몇몇 설정들은 넘 무리수였네요 실제사건에 보다 더 충실했으면 어땠을까 싶네요. 정우와 실제인물인 박준영 변호사님이 더욱~더 좋아진..  "
20170216,10,"결말에 대한 몇몇 평 때문에 기대를 내리고 배우들 연기 믿고 갔는데, 배우들 연기는 물론이고 영화 자체가  너무 재밌음! 화도 나지만 긴박감도 있고 웃음 나는 장면도 있고 엔딩도 현실적이라 좋았음. 정우 진짜 연기 잘해요. 정우랑 강하늘 연기합 최고!  "
20170216,10,"방금 보고 댓글답니다 정말 멋진영화였고, 또 멋진연기였어요 실화라서 내용이 더 와닿았던것 같아요 우리사회에 꼭 필요하신분 같아요 저도 변호사님을 본받아서 더 열심히 살아가려고합니다!!  "
20170216,6,딱히..그냥그랬어요  
20170216,8,관람객억울한 일을 당하는 사람들이 없었으면 좋겠어요 감동입니다  
20170216,10,연기작렬. 최근에 본 영화 중 가장 재밌었다. 이런평점 처음 남기게하는 영화임.  
20170216,5,실화라 과평가 받고있다.  
20170216,10,관람객완전 재밋네요 여운이 많이 남는 영화  
20170216,10,관람객감동입니다 지금도 억울하게 지내는 사람들이 얼마나 많을까요  
20170216,9,오랜만에 감동도 여운도있는 멋진영화봤네요 아주굿입니다  
20170216,10,관람객주연 배우 세분 연기에 감탄하고 가요ㅠㅠㅠ중간중간 주인공들에게 몰입해서 눈물이 났어요ㅠㅠ 이게 실화를 바탕으로 한 영화라 더 집중하고 생각하면서 보게 됐네요  
20170216,10, 대한민국 국민이라면 꼭봐야할영화...진짜 꼭 봐야합니다 대한민국의 현실성을 다시한번일깨워주는 인생영화 보는내내 속터짐과 안타까움이.. 깜방에서 보낸 그 청춘세월 돈으로도 절대 보상못합니다 평생 후회하고 죄책하면서 사십시오  
20170216,10,"이 영화의 결말이 큰복수이길 원한다면 시민들은 현실을 다시 바라보고,법을 아는 분들은 정의를 한번 쳐다봐주시길...  "
20170216,10,사건에 대해 잘 알게 해주셔서 감사하고 배우들의 연기가 다 했다. 진짜 최고의 영화  
20170216,10,장우 강하늘에 최고의 연기로 눈물을 2번이나 흘렷네...  
20170216,9,관람객뭔가 시작하려고 하다가 끝남 끝이 좀 허무...그래도 나쁘지않음  
20170216,9,관람객감동적이고 재미있어요~  
20170216,9,시나리오보다 연기력으로 보는 영화.  
20170216,7,"내용은 이미 알고있는터라 어떻게 연출을 했을지 궁금했는데, 좀 실망이다. 분량조절을 잘 못한 느낌이었다. 마지막이 너무 아쉬웠다. 그러나 배우들의 연기력은 역시 만족감을 주었다. 더이상 이런 억울한 일이 일어나지 않았으면 좋겠다. 제발.  "
20170216,10,저는 알바가 아닙니다. 보는내내 긴장되고 손에 땀이났습니다 부디 다시 이런일이 없길바랍니다  
20170216,10,그냥 연기도영화도 증말 괜찮았습니다  
20170216,9,현우 형사 찌르는줄 알고 개쫄았네 ㅡㅡ 재심 화이팅  
20170216,4,중간이너무 길다 마지막이 허무  
20170216,10,관람객진심 인생영화입니다 진심  
20170216,10,이건 꼭 봐야함. 배우들 누구하나 빠짐없이 연기를 잘해서 몰입도 잘되고 내용도 탄탄함.  
20170216,7,정우와 강하늘의 연기가 돋보였고 형사역할 배우분 보는내내 화가 날정도로 연기잘하시네요. 이게 실화라는게 너무 답답했습니다.. 사법부와 경찰 수사기관등 제발 이렇게 억울한 사람이 없도록 해주시길! 그리고 부패된 괴물들은 뿌리를 뽑아내야됨 ..  
20170216,9,아무생각 없이 보러갔지만 나올때는 감동을 받고 나온 영화  
20170216,10,최근 영화중에 제일 좋네요  
20170216,10,아 재미도 감동도 놓치지않은 영화다  
20170216,10,영화 끝나자마자 처음 평점등록. 진짜 잘 만들었고 재미있고 감동있다. 완전 강추  
20170216,8,러닝이 조금 길다고 생각하긴했지만 배우들의 연기가 정말 최고였다.. 그래도 마지막은 조금 아쉬운 면이 있음  
20170216,8,관람객중간부분에서 감동 다주고 마지막에 재심청구하는 장면에서 딱 기대하고 있는데 거기서 끝나서 아쉽습니다...정우 강하늘의 연기는 몰입도 최고!!!  
20170216,10,관람객강하늘연기가 정말와잘한다 실화라서 더 울컥햇다 꼭한번보길추천한다  
20170216,10,"변호사법1조 ""변호사는 기본적 인권을 옹호하고,사회정의를 실현함을 사명으로 한다.""  "
20170216,10,재밌게 봤어요~!!두 배우 명연기에 감탄했음  
20170216,8,좋습니다 부패한 경찰들!!  
20170216,10,잼있어요!!!강하늘짱  
20170216,9,눈물남 ㅜㅜ 이겨서다행!  
20170216,8,관람객볼만하네요. 정우 연기력에 감탄하고 갑니다  
20170216,10, 사이다같은  영화입니다.  
20170216,10,"요즘 사회 비판 영화도 너무 많고 영화 이름도 다 비슷하고 해서 볼까.. 하다가 강하늘 형 믿고 가족들이랑 봤는데, 너무 좋은 영화였네요~ 추천드립니다  "
20170216,10,"익산 사람입니다.정말 이 영화는 꼭 봐야 한다고 생각하면서 평점을 올립니다. 정우 강하늘 정말 연기 잘하고, 이렇게 억울한 사람이 우리의 시대 사람이 되지 않기 위해서라도 공권력은 경찰은 자신의 잘 못을 인정하는 모습도 필요하다는 생각이 드는영화네요  "
20170216,7,걍 쏘쏘였습니다.너무 큰 기대는 하지마세요.사이가 좋지 않은 사람과는 은연중에 재밌다는 말을흘려 빅엿을 시전하셔도 무방합니다.  
20170216,1,이렇게 좋은 배우들과 좋은 아이템을 가지고 영화를 이렇게밖에는 못 만드냐~ 영화가 싱겁기 그지없다  
20170216,10,관람객아주 재미있습니다.2시간 순삭 당했네여  
20170216,10,너무재밌게봤고 배우들연기너무잘하세요 사람들마다다르지만 인생영화였어요?  
20170216,8,관람객실화라서 나름  볼만합니다  
20170216,10,연기구멍없이 다들 멋진 연기를 하셨네요~~  
20170216,10,다시보고 싶은 깊은 영화  
20170216,10,관람객현 시점에 우리나라 법정적인 모습이 들어나는 영화라 봅니다  
20170216,5,"내용?나쁘지않고, 배우?연기잘하는데... 긴장감 제로.ㅠㅠ연출력의 문제인가?! 각본의 문제인가?!...  "
20170216,10,관람객마지막 연기 여운이많이남는 영화네요  
20170216,9,"중간에 약간의 루즈함은 있으나 배우들의 호연, 현 시국들이 잘 맞아떨어지는 영화  "
20170216,10,관람객재밌어요 처음부터 끝까지 지루하지 않아요!! 강추해요 연기잘함 정우 짱  
20170216,9,관람객실로 감동적이면서도 통탄한 우리 현실을 보여주는 이야기와 연기자들의 몰입이 좋은 작품을 이뤄냈습니다.  
20170216,10,실화를 다큐스럽지 않게 극적으로 잘 만든 영화라 재밌게 봤다 정우 강하늘의 연기도 좋지만 김해숙 씨의 연기 내공은 이 영화를 보면서 느낄 수 있는 또 하나의 기쁨인 듯  
20170216,10,관람객성과만능주의로 인한 사법부 그에 따른 견찰들(일부분)에 분노가 치밀어 올랏으나 마지막 이준영변호사의 말에 잠시나마 치유가 되는 영화.. 허나 이는 영화일뿐.. ㅠ  
20170216,10,재심 개꿀 !! 정우 좋다 !!  
20170216,10,관람객돈이 없고 힘이 약하면 아무것도 못하는 사회를 고치고 싶다  
20170216,10,전재산받아보셨어요?  
20170216,10,관람객진짜 영화 재밋어요수수수수  
20170216,7,그 정돈 아닌데.. 중간중간 지루하던데...  
20170216,10,감독과 두주인공 잘했네요  
20170216,1,그것이 알고싶다 에서 본 것보다 못하다.  
20170216,10,꼭 봐야하는 영화. 분노뿐만 아니라 주인공의 억울하고 간절한 심정이 너무 잘느껴져서 눈물이나온다..  
20170216,10,진짜 너무 감동적이고 재밌어요 ㅜㅜㅜ 꼭!!추천합니다  
20170216,2,실화를 바탕으로 했다는 이유로 평점이 높은것인지 ... 그것이 알고싶다를 보는것이 낫다는 생각을 했다 . 불필요한 장면도 많고 질질 끌다가 마지막 급하게 마무리한 느낌 그냥 ocn에 나올때 시청하는것이 나을것 같다  
20170216,9,관람객하나도 지루하지 않고 빠져서 봤어요  
20170216,10,배우들의 명연기에 영화 정말 잘 봤습니다.  
20170216,10,정우 하늘.   잘맞는 옷을입은듯연기가.  자연스레. 묻어나. 집중해서볼수있었슴형사역활.  그분. 패주고싶을만큼잘하네실제사연이라.   더 고구마같았지만무죄로 결론나. . 가벼운맘으로집으로올수. 있었슴추천합니다~~~  
20170216,10,그것이알고싶다 약촌오거리편 보고 나서 영화봤는데도 충분히 재밌다..배우들이 다들 연기 너무 잘함  
20170216,10,관람객가슴이 아팠다. 경찰의 임무는 대체 무엇인가? 악마같은 ...  
20170216,10,잘만든 영화입니다. 영화도 보고 정의도 바로 세우는 일에 다들 동참하세요. 대한민국 정의가 살아있다면 최소 1000만은 갈겁니다.  
20170216,8,"관람객실화를 바탕으로 한 이야기라서 더 집중하게 되고,감동도 있고 보는내내 너무 재밌게 봤습니다!  "
20170216,10,"내가 기억하는 건 3명의 배우들의 감정이다. 어머니의 마음 현우의 감정, 주연의 감정 이 세명의 감정을 표현하는 연기에 나는 영화가 끝나고 난 지금도 아팠다  "
20170216,10,재밌을듯하네요재심요  
20170216,10,관람객배우분들 연기가 정말 대단했습니다. 강력 추천!  
20170216,9,"별 생각없이  영화를 봤다..헉...최근 본 영화 더킹,공조보다 화려한 출연진도  없고 액션신도 없다..하지만 재심은 또다른 변호인을 보는거 같았다..같이 간 딸아이가 흥분한다..아마도 실화이기에 더 큰 감동이 오나보다..  "
20170216,10,진짜 강하늘이 온 몸으로 억울한 연기를 하는데 진짜 강하늘이 겪은 일 같았고 마음이 너무 아팠다 정우도 물론 대박이었고 ㅠ 진짜 이거는 명작이다  
20170216,10,영화보고 감동받았습니다. 평점 남기기는 처음이네요.  
20170216,10,관람객실화라 더 재미있었어요  
20170216,9,대한민국사법부현실을잘표현한영화이다.영화보는내내 화가났고안타까웠다.아무죄없는대한민국국민들이돈과권력을마구잡이로휘두르는인간같지않은쓰레기들때문에자신이저지르지않은죄를감옥에서값을치루고아직까지도이러한현실이반복되고있을것같은많은생각을하게되는영화..  
20170216,6,"고구마의 연속임ㅠㅠ 나쁜놈들이 더 당하는 장면이 있었으면 좋았겠고, 약간 정우와 강하늘의 러브스토리같음...ㅋ  "
20170216,10,연기 스토리 모두 좋았어요!!!!실화였다니 몰랐어요..추천합니다  
20170216,10,실화를 모티브로 했다기보다 그냥 실화인게 너무 가슴이 아팠다 실제 사건이다 보니 몰입감과 명연기가 빛을 발했다  
20170216,8,아쉬움이 있긴 해도 진심으로 이런 이슈 다루는 느낌 받았기에 좀더 후한 점수 주고감. 연기도 괜찮았고  
20170216,6,캐스팅 미스... 시나리오도 그닥...연출도 그냥...좋은소재인데 아쉽울 따름  
20170216,8,관람객무난무난했다 눈물는 났다  
20170216,6,기대하고 보진 마세요. 영화가 살짝 루즈한 느낌은 있음. 임팩트가 강하게 오는 장면도 많이 없구요. 쪼끔 아쉽긴함. 엔딩장면은 고구마 하나 먹은느낌. 형사님은 연기 진짜 얄밉게 잘함  
20170216,10,관람객재밌었습니다!!!재심  
20170216,10,관람객진실을 밝히는 것이 그리 어렵지 않음을..  
20170216,8,관람객스토리를 다 알고봐서 막 엄청빠져드는건아닌데 볼만했습니다. 변호인을보는듯한..  
20170216,10,관람객정우(준영역)에 딱 맞는 맞춘옷을 입은 듯. 너무과하지 않고 자연스럽게 변해가는 심경을 연기해. 최고  
20170216,8,관람객진정한 변호인이다!주인공의 억울한 누명을 벗을수있어 다행이에요~  
20170216,10,뻔한내용이 뻔하지않게. 깔끔하게. 위로된영화  
20170216,5,"클라이막스 때 버터오징어 깔려고 쟁겨 놨는데 결국 못 뜯고 나왔다. 조연들도 개성(매력)없이 중구난방,정우 강하늘과의 캐미도 별로 였다. 무엇이 그들을 그렇게 끈끈하게 만들었는지 개연성도 부족,,도대체엄마 눈은 왜 멀게 했는지..참 불친절한 영화  "
20170216,9,영화의 완성도가 좋아요 하지만 하나아쉬운게 재판을 보여줬으면 더 시원했을것같습니다. 추천추천!!!!  
20170216,8,관람객정우와 강하늘의 연기가 돋보였던 영화네요. 한국에 이런 일이 적지 않다는 것이 안타깝고 변호사님들 힘내서 정의를 되찾아주세요!  
20170216,9,강하늘 연기 너무 좋아요.  
20170216,10,관람객정우의 몰입과 시크한 강하늘의 연기가 뻔한 이야기의 결말을  설레게 만드는 간접화법의 밀땅 연출과  어울려 수작을 만들었다. 두 주연 배우들이 야무지게 성장하고 있음을 다시한번 보여 준다. 별다섯 점 아깝지 않다.  
20170216,8,한숨이 몇번 나오던데.. 정의로운 사회에서 살고싶네요. 이런일이 없어졌으면 좋겠습니다!  
20170216,10,"눈물흘렸네요       .,.,.,.,.,.  "
20170216,10,아 진짜 형사 연기 너무 잘해서 진짜 고소하고 싶더라  
20170216,7,관람객내용은  좋으나  보는내내  답답한 느낌  배우들의 연기는 좋아았음  
20170216,4,영화 자체는 지루해요 그것이 알고싶다가 훨재미난듯 이런 실화를 바탕으로 이렇게밖에 못만드나 너무 실망했어요  
20170216,8,내용은 사실 별기대안하고 봤다. 근데 정우연기에서  정우다시보게됨  
20170216,10,모든 사람이 봐야 할 영화이다 ㅠ진짜 너무 화가나고 우리나라 현실이 이렇고 이런일이 있었다는게 쪽팔리다  
20170216,10,한 순간도 지루할 틈이 없는 영화.스토리 사이사이의 빈 공간을 정우님이 다 메꿔줌...  
20170216,10,관람객이게 배우지 와.. 연기 진짜 놀랍다  
20170216,10,평소에 법에 관심이 많고 예매율1위라 우연히 보게 되었는데 정우랑 강하늘이 너무 연기를 잘하시고 내용도 탄탄해서 엄청 몰입해서 보았습니다 지인들에게 엄청 추천했습니다:)느끼는게 많아지는 영화였습니다  
20170216,10,관람객실화를바탕으로한영화인점 그리고 수많은시간이지나 마음에짐을덜어줄수있어 보는이로서도 기분좋아지는영화  
20170216,8,"좋은 영화, 하지만 그것이 알고 싶다를 통해 사건 내용을 아는 사람은 재미가 덜하다.  "
20170216,10,실화 바탕이라 너무 감동 받았습니다. 이런 분들이 있기에 대한민국은 아직 살만한 나라 같습니다. 정말 재밌게 봤던 영화였습니다 강추!  
20170216,10,처음부터 끝까지 쉴틈없이울었다..ㅜㅜ 강하늘^_^  
20170216,8,억울한 사람의 목소리를 들어야 하는 법정  
20170216,9,관람객이게 우리나라 현실이라는거에 슬펐다.형사 연기자는 명치때려주고싶을만큼 연기를 잘하였고강하게 임팩트남는 장면들은 없었지만전혀 지루하지 않았다.  
20170216,5,너무 과대평가 되고있는 거 같아요. 재미없어요 지루해요 그것이 알고싶다가 더 영화같음. 그리고 혹시 마지막에 필름 부족하셨나요 좀 짜증났네요 마무리가  
20170216,10,관람객진짜 연기 개레전드  영화 잘봤습니다..  
20170216,9,묵직한 감동이 있네요~  
20170216,10,진정성있는영화!!강추.  
20170216,10,후회안해요..울고왔네요  
20170216,10,관람객재밌어요 너무 멋잇어요 주잉공  
20170216,10,감히 별점으로 평가내리기가 ..그만큼 가치있는 영화였습니다..  
20170216,1,정말지루하고 재미없음 이런영화 내용도  뻔하고 돈 아까워요 그리고 보다가 잤어요  
20170216,10,관람객넘 잼나구 배울점이많아요  
20170216,9,관람객연기력 몰입감 그리고실화를바탕으로한줄거리 즐거웠습니다  
20170216,10,관람객배우들의 감정 연기가 정말 대박  
20170216,8,관람객음...보통이런영화는 재판과정이 하이라이트라고 생각하는데 그과정을 그냥 다생략ㅋㅋㅋㅋ실화라는것 말고는 흥미롭지않음ㅁ...  
20170216,9,몇 요소를 제외하고는 완벽에 가까웠다. 아쉬운 요소는 개인차일수도 있겠지만..  
20170216,10,실화라는 초점으로 정우와 강하늘의 연기는 관객의 마음을 충분히 울릴만했고 생각지도 못했던 엔딩으로 와.. 라는 여운을 남겨주었다.내용은 진짜 예상 가능하겠지만 그래도 충분히 볼만한 영화  
20170216,10,강하늘도 좋은 작품 많이 한다  
20170216,10,관람객감동쩔구ㅜ너무ㅠ재밋어요 정우 넘나멋져용 ㅠㅠㅠ  
20170216,9,"결말이 아쉬웠는데, 무죄 판결 전에 촬영이 끝났다는 비하인드를 듣고서는 그마저도 여운이 되었습니다. 배우들 연기는 말할 것도 없이 좋았습니다. 많은 분들이 보고 이런 일이 더이상 없어야 한다는 걸 느끼셨으면 좋겠어요.  "
20170216,3,5점 주는 애들 이영화 보긴 본거임? 진짜 왠만해서 돈아까운 영화 없었는데 돈이 너무 아깝다.스토리도 너무 뻔하고 감동적으로 만들려고 한 부분같은것들은 억지로 눈물 뽑으려고 몰입  되지도 않았믄데 배우들만 소리치고 울어버림..배우들 연기는 진짜 잘하심  
20170216,2,동어 반복에 그치는 한국 영화는 이제 신물이 난다.  
20170216,9,관람객정우의 마지막 대사가 제일 기억에 남는다  
20170216,10,몰입도가 굉장히좋습니다. 스토리전개도좋구요. 마무리에잇어서 급한감이들엇지만 실제사건찾아보니 형사분이 자살로인한 고인이되셧더군요.그부분에잇어서 편집이되지않앗나 추측됩니다  
20170216,10,진짜 재미있었어요최고예요  
20170216,10,정우보고 변호사하고싶더라  
20170216,10,이런 영화는 꼭 봐야 합니다!!!! 진짜 깊은 울림을 주는 영화였어요.  
20170216,5,"개인적으로는 별로였습니다. 배우들 연기는 평타를 쳤으나 각본과 연출에서 부족한 점이 많았던것 같습니다. 특히나 개연성이 떨어지는 스토리 전개가 아쉽고, 극적인 실화를 바탕으로 각색과 영화적 장치를 활용했으나 그저그런 평범한 내용이 되어버렸네요  "
20170216,7,이사건은 2개월전에 무죄로 판결난 사건이어서 영화 촬영당시에는 결말을 몰랐댄다ㅡ마지막에 무죄다~라는 자막  안나왔으면 ...응아싸다 끊긴 느낌 받을뻔했다.. 배우들은 최고였음. .  
20170216,10,관람객연기자들의 연기도 일품이었고 실화를 바탕으로 하어 더욱 재밌었습니다  
20170216,9,연기대박잘하고 몰입되고 기억에남는다  
20170216,8,관람객정우와강하늘연기굿굿  
20170216,7,"연기 좋았다 강하늘,정우는 2시간동안 연기로 끌고 왔다 근데 결말이나 소재를 살리지 못한 전개는 아쉬웠다 멀 보여주려는 지는 알겠는데 강요하는게 좀 어설프달까 돈은 아깝지 않지만 2번은 안볼 영화  "
20170216,6,"솔직히 이 정도 영화에 9,10점을 주는 사람은 영화를 재대로 못봤거나 작품성을 이해 못한 듯 하다. 좋은 내용으로 이 정도 밖에 끌어내지 못한 것이 너무 아쉽고 정우씨는 연기는 잘하지만 변호사와는 어울리지 않았다.  "
20170216,10,모든배우의 연기다 다 좋았어요 그리고 마무리아쉽다고 하는 평들있는데 이사건은 불과 2개월전인 작년말에 무죄선고받은 사건이기때문에 영화촬영할 당시에는 결과를 알수없었으니 섣불리 재판장면까지 넣을순없었겠죠...감안하고보면 최선의 결말임  
20170216,9,따뜻한 이야기를 진행해 나가는데 지루하지 않음. 강하늘과 정우의 연기력이 .... 어마어마 햇따...역시 영화는 영화관에서 봐야함ㅎ  
20170216,10,배우들의 연기와 영화에 담긴 메세지가약간의 아쉬움을 상쇄시킨다.영화가끝난뒤에 여운이 길다  
20170216,8,관람객아주쟈밋게자아알봣습니다 끝이 좀 허무하지만  
20170216,6,시나리오와 연출을 맡은 감독의 역량이 배우들을 어디로 어떻게 데려갈 수 있는지를 다시 한번 보여줌  
20170216,7,관람객감정이입 잘 되고 재밌는데끝이 좀 허무하네요ㅠㅠ재판하는거까지 보여줬으면 좋았을 영화  
20170216,10,평점 남긴적 없는데 이 영화는 남겨야겠음  
20170216,2,별볼일 없는 아우성의 끝장  
20170216,10,관람객실화를 모티브로 한 영화여서 정말 보는내내 화났고 이런 일이 발생하지 않았으면 해요ㅠㅠ 정말 재미있었습니다!! 정우 강하늘 짱짱!!!!  
20170216,10,보는내내 가슴이 먹먹해지고 여운이 많이 남는영화.  
20170216,9,법과정의있는자의도구가되서는안된다는걸잘보여준영화배우들의연기도아주좋네요  
20170216,10,관람객배우들 연기 하나하나가 다 녹아있어요^^ 옷을 입은듯 너무 자연스러웟고 정말 재밌습니다!  
20170216,10,우리모두가 사과해야한다는 그 의미가 좋았다. 담백하고 지극작이지않게 잘 만들었고.  정의로운  ' 재심변호사 ' 같은 분들이 많아지기를.. 연기들도 정말 명연기였다..  
20170216,10,"영화로써는 아쉬운 부분이 많았지만, 그것이 알고 싶다에서 접하면서부터 너무나 큰 관심을 가졌던 사건인지라 많은 분들이 알고, 강압수사를 행했던 형사의 마지막까지 관심 가져주셨으면 하는 마음으로, 평은 하지 않겠습니다. 사건을 영화화해주셔서 감사합니다.  "
20170216,6,별로....스토리도 뻔하고 약간 지루함그래도 정우 연기는 좋았음~~~~  
20170216,5,좋은  의미인건 알겠는데.  지루하다. 많이.  
20170216,9,관람객뒷마무리가 찜찜햇다.  
20170216,10,"관람객완전 꿀잼!! 사건의 재구성을 따라가는 재미도 있고, 무엇보다 정우와 강하늘의 연기가 대박~!!!!  "
20170216,10,너무 감동적이게 봣어요 ㅠㅠ 진짜 꼭 보세요  
20170216,8,마무리가좀아쉬웠어요 너무급으로빨리끝내는느낌. .  
20170216,10,진짜 너무재ㅣ밌고 감동적인 영화다 열연 bb  
20170216,10,관람객올해 꼭 봐야 할 영화다!실화라는 소재로 흥미를 돋구어주고 배우들의 연기로 감동을 준다 ㅜ ㅜ 요즘 같은 시기에 꼭 봐야 할 영화...  
20170216,10,박준영변호사님 힘내세요  
20170216,10,진짜 왠만해선 10점 안주는데... 보시면 후회 없을겁니다. 정말 강력추천...  
20170216,8,두시간동안 시간 가는줄 몰랐어요. 정말 감동적이여서 옆에 분들이 다 훌쩍하더라고요!!! 마지막이 뭔가아쉽지만 정말 꼭 보시길 바래요!ㅎ  
20170216,10,아직도 사과안하고 있는 당시 담당검사와 재판부 근황 ㅡ 담당검사는 부산에서 아직도 검사로있고 재판부는 대형로펌으로 들어갔다고합니다  
20170216,8,"중간에 약간 지루 헀는데, 정우,하늘,  연기 진짜 쩔어요 ㅋㅋ  "
20170216,10,관람객잘  보고갑니다....  
20170216,6,관람객신파가 너무 자주 폭발할 때  
20170216,10,강추! 소름돋는 연기와 진실성. 실제사건이라 감동이 더 현실적으로 다가옵니다.  
20170216,10,진짜 감동...입니다 강추강추!!  
20170216,10,관람객재미있었습니다~~~ 실화라니 안타깝습니다  
20170216,9,어제 봤는데 명연기다 배우분들 모두 .. ㅠㅠ흥행해라 재심 !!!!  
20170216,10,조작된 도시와는 소재가 다르지만 이두영화의 공통점은 마지막에 진실이 바뀐다는 점이다 무고는 엄청 큰 범죄이다  
20170216,10,"관람객꼭 봐야 할 영화입니다. 보는 내내 눈물이 나네요.정의가 살아있고, 사람 우선 중심의 사회가 되었으면 합니다.  "
20170216,10,진짜 갓띵작임 엄청 너무 울고나옴  
20170216,8,관람객잔잔하게  느낌을 주는  it was  so touching  
20170216,10,나쁜형사들. 힘없고 빽없는사람들을 자신에 돈벌이로생각하는 나쁜 인간들! 한 변호사의 의리있는행동에 감사를 표합니다!  
20170216,10,진짜꼭봐야하는영화에요 실화바탕이라해서 놀랐는데 꼭봐야합니다ㅠㅠㅠ  
20170216,10,강하늘 연기에 반했다가 갈수록 정우한테 빠져드는 영화김혜숙님 연기는 정말 최고입니다  
20170216,10,현 시국에도 어울리고 한방이있어서 속도시원하고 재밌는데 슬픈내용도담고 실화를바탕으로한영화.. 그냥최고다 꼭보세요 배우분들연기에감탄하고가요  
20170216,9,관람객사람하나 뭐 만들 수 있다는걸 새삼.느낀 영화  
20170216,5,관람객음 연기도 좋고 볼만한 영화  
20170216,10,"관람객드라마를 보는 듯한 연출과 전개, 영화를 보는 2시간이 전혀 아깝지 않았다. 졸라 재미씀...  "
20170216,8,관람객볼만합니다 추천합니다  
20170216,10,"보면서 나는 안우는데 나의몸은 조금씩 눈이 촉촉해진 감동적인영화엿다.. 실화라니 그분 10년이라는시간동안살인범이란 누명을 쓰고 지금은 오해를 벗어서 다행입니다.. 이 영화""재심""을 통해 저한테도 많이 배우고 갑니다ㅎㅎ  "
20170216,8,관람객요즘에 보기 가장 적당한 영화인 것 같습니다.  
20170216,10,관람객실화를 각색해서 그런지 처음부터 끝까지 몰입하게 됨.  
20170216,7,관람객그냥 쏘쏘.. 짱구의 서울말연기가 좋았음  
20170216,9,"관람객말도 안되는 내용, 이게 현실에서 일어났었다. 반성하자  "
20170216,3,감독님 진심 연출력이 이거밖에 안됩니까 중간중간 감정이입도 안되고 대체 뭡니까 영화중간에 거짓말않고 한 10명정도는 나간것 같습니다  
20170216,10,"관람객와우~~~ 인생 최고의 영화~~~ 정우와 강하늘의 깊이감있는 영화를 정말 잘다루었다.이런 실화를 영화로까지 만들어준 감독님 감사드리고, 사회적 정의가 이 땅에서 어떻게 쓰여져야하는지 알게해준 실존인물 변호사님께 진심 감사드리니다.  "
20170216,8,관람객말 못하는 서러움을 만드는 인간들...마음이 서럽다.  
20170216,2,너무 뻔하달까? 그저그럼 거기다 마루리도 아쉽...  
20170216,10,관람객배우분들이 연기도잘하고 내용도 잔잔히 잘봤습니다  
20170216,10,정말재밌다ㅋ 역시 까보전 과학은 무서운것  
20170216,1,지루하고재미없다 영화보다가잤다  
20170216,10,관람객너무 재밌게 봤어요! 굳굳  
20170216,9,영화 재밋게 잘봣엇는데 마무리가 조금 아쉬웟어요..  
20170216,10,"배우들의 연기력은 두말 할것도 없으며,실화를 바탕으로 만든 부분에서 더감명 깊게 볼수 있었던거 같다.  "
20170216,10,웰메이드 법정영화 지리는 연기력은 덤  
20170216,6,스토리도 평범하고 연출력이 평범하고 주연배우들의 연기도 평범한데 이동휘는 평범이하  
20170216,10,"믿고 보는 정우, 강하늘의 연기력! 몰입되서 좋았음.  "
20170216,8,관람객재미는 있으나 마무리가 아쉬운 영화  
20170216,10,영화가 길었다. 지루하지않으면서 재밌게 길었다. 평점 잘 남기지 않는데 오랜만에 남기게 만드는 영화였당 ㅎㅎㅎ 꿀잼  
20170216,9,관람객이름값 이상의 것을 보여줬습니다.  
20170216,10,진짜 정우연기 장난아니고 하늘이 연기 장난아니예요...ㅠ명작ㅠㅠ!!ㅠㅠ꼭 대한민국 사람들이라면 봐야하는 영화인것 같아요!  
20170216,10,재밌어요 김해숙 울때 ㅜ  
20170216,10,"와,,진짜기대안하고본건데괜히예매1위가아니였나싶다...ㅜㅜ진짜 너무여운남고깔끔했던영화...한번더본다면고!!!! 정우...너무연기잘해..이동휘는응답하라캐릭터아직도있는듯,,ㅋㅋ아무튼너무재밌게봤다 너무너무 재밌당....반했다.진짜 너무 잘어울려  "
20170216,8,재심을 위해서 준비하는 과정을 재미있게 봤으나 마지막무죄를 선고 받는 진짜 과정이 없어서 아쉬움이 있었네요  
20170216,10,시사회로 봤는데 볼만햇어요  
20170216,10,진짜....하...박수..  
20170216,10,관람객보는 내내 마음이 먹먹해지는 게 정말 좋은 영화였습니다!  
20170216,10,두배우가 온몸으로 온마음으로 온목소리로! 진심을 다해 그소년의 억울했던 세월에 대해 호소하고 사과하는 것 같았어요. 잘 봤습니다!  
20170216,5,1점 짜리는 아니고 딱 5점 정도입니다..기대하고 봤는데 전달하는 메세지는 있으나..변호인과는 달리 긴장감은 다소 떨어지네요..재밌지는 않으나 공권력의 부당함에 대해서는 생각 해볼만한 영화입니다. 박준영 변호사님은 항상 응원합니다.  
20170216,10,영화를 보는내내  맘이 짠하다  가슴아픈현실을 보면서  넘 속상했는대  글도  아직은  이런 변호사가 있음에  기대하며 살수있는 세상이구나 한다   가슴아픔에   가슴뭉클함까지 ~~  
20170216,8,모쪼록 이 영화가 힘겨운 고통을 받아오신 피해자 분께 의미있는 위로가 되어주길 바라며 진실을 밝혀주신 박준영 변호사님께도 깊은 감사를 드립니다. ^^ 다만 영화의 드라마적 재미를 위해 가미한 다소의 작위적이고 허구적인 요소들은 살짝 아쉬웠어요 ♡  
20170216,10,40대 삶이 억울하게 느껴질 때 희망으로 조금만 위로를 받을 수 있는 영화였다.  
20170216,6,관람객재밌게봤다 아쉬운건 뒤에서재판과정까지나왔다면더재밌었을탠대너무훅지나간거같아서아쉽다  
20170216,10,배우들연기넘좋고 스토리도좋코 다시봐도 또 감동느낄듯  
20170216,10,"관람객결말이 오히려 그렇게 끝나서 쓸쓸하면서도 생각이 많아지더군요. 배우들 연기도 기대했던것보다 좋았고, 모든이들이 외면한 진실을 끝까지 파헤치는 변호사 모습에 스스로를 되돌아보게 되었습니다. 늦게나나마 진실이 밝혀져서 다행이라고 생각합니다.  "
20170216,5,배우들 연기는 너무 좋았지만 내용이 너무 뻔하고 조금 지루하게 느껴졌습니다 하지만 정우님은 넘넘멋잇음! ㅎㅎ  
20170216,9,"그것이 알고싶다에서 방영했을때 엄청 억울하겠다 생각했는데~ㅜㅜ 부조건 봐야하는영화다~내용도 내용이지만 강하늘,정우,김해숙~혼신의 연기~  "
20170216,9,관람객재밌게 봤습니다 정우 연기 잘해요  
20170216,10,별다섯개가 아깝지 않은 영화입니다  
20170216,10,"예전에 방송통해 애써주신 형사님이 좌천되고 검사는 승승장구한 사건이라 기억하고 있는데 재심에서도 이기고 영화화되고, 아무튼 잘 풀어주셔서 간만에 재밌게 보았습니다  "
20170216,9,영화 너무 재미있게 잘봤습니다 ^^ 실화라 더욱더 감정몰입해서 봤네요 배우들의 연기력도 너무 좋았습니다!! 영화 재심 대박나길!!!  
20170216,10,진짜 전 영화볼때 까다로운데 지금 하루째 여운이남고배우들 명연기에 실화를 잘 구사한 스토리에 너무 만족스럽고 재밌습니다!!! 강추합니다!!!!  
20170216,10,모든 배우들의 연가가 뛰어나고 실화라니 가슴이 먹먹한 영화다 ㅜㅜ 꿀잼!  
20170216,8,관람소감이사회에 큰숙제를남겨놓고 끝나는영화라고생각을함뭔가 끝까지 영화를다못보고나온느낌 배우들연기는좋았다  
20170216,9,"결말이 약간 급히 끝난 느낌이지만, 판결이 나기 전에 영화촬영이 끝났으니 다른 결말을 내는 것도 조심스러웠을 것 같다. 무엇보다도 모든 배우들의 연기가 소름돋았고 전개과정이 진짜 재밌다... 특히 강하늘 눈에 살기 오를 때... 꼭보세요!!!!  "
20170216,9,"정의가 없는 세상에서 그나마 건져낸 희망. 그 실화를 실감나게 연기하는 정우와  강하늘, 연출한 감독님 덕분에 위로 받을 수 있던 시간.  요즘같은 세상이기에 더 추천하는 영화!  "
20170216,10,두배우님의 연기 멋있었습니다  
20170216,9,김해숙 님 나오는 장면만 되면 오ㅐ이리 슬퍼지던지...김해숙님 연기 정말 감탄입니다.  
20170216,10,잼있게 잘봤습니다 연기도 좋고 강추  
20170216,5,관람객그냥 킬링타임용임 실화라면서 현실성이없음  
20170216,4,관람객안타깝지만지루해해ㅐ해ㅐㅐ래ㅐㅐㅐ  
20170216,7,"재심 제도가 존재 해야만 하는 이유, 존재 해야만 하는 슬품.  "
20170216,10,정우 강하늘 케미도 좋았던 웰메이드 영화  
20170216,10,완전 재미있는영화입니다! 추천드려요!  
20170216,5,너무 신파가 많았음 쓸데없는장면 빼고 엔딩이나 제대로 만들지 똥싸다 끊긴느낌 지루하고 졸려죽음  
20170216,10,관람객2017년 명작 탄생!! 배우들의 연기가 일품  
20170216,10,씁쓸하면서도 배우연기들에 감탄하게 되는 영화  
20170216,1,너무나도 뻔하고 단순하다.  
20170216,10,진짜 멋있고 연기도 잘하네요. 특히 강하늘씨!!!! 꼭보세요  
20170216,8,관람객실화라 해서 흥미가 생기는 주제였지만 현실에 이런 일이 많을 거라는 생각이 들게 하는 영화였다.  
20170216,10,관람객역시 실화 바탕과 연기력의 합체!!!  
20170216,10,"관람객최고임 연기, 스토리 다 좋았음!  "
20170216,9,관람객자신의 이익을 위해 한 사람의 인생을 팔아버린 형사 검사 변호사무엇으로도 보상받을 수 없는 10대 청소년어떤 말로도 위로 할 수 없는 상처배우분들의 완벽한 연기에 감정이입이 너무 잘되는 영화였습니다실제 변호사님 고생하셨습니다 그리고 감사합니다  
20170216,8,관람객처음부붐은좀벌만햇는대 마지막아쉬움  
20170216,10,정우인생 영화가 될듯  최고입니다  
20170216,5,"아까 극장서  관람했는데, 그냥 그랬습니다.. 스토리에 응착력이 좀 더 있었으면 좋았으련만, 긴박감..이 느껴지지 않는.. 청춘물류??에만 특화화 돼잇는듯한 강하늘의 연기도 적잖이 붕떠 아쉬운 부분..  "
20170216,10,그것이 알고싶다 약촌오거리편 보고 보시면더 집중되고 실감나실겁니다.  
20170216,10,주변에 알게 모르게 이런일있는분들이 없길 바랍니다  
20170216,10,관람객그냥 봐 지루할 틈이 없다  
20170216,10,배우들연기 지렷음~~  
20170216,10,관람객말로 표현이 안되는 감동  
20170216,10,관람객정우...또르르 눈물ㅠ 인생작  
20170216,10,관심 많있던 사건...편재되어 있는 많은 사실들을 거의 그대로 담아낸 점이 놀라웠다. 사법부가 사과해야된다고 한 장면 인상 깊었다. 실제로 검찰과 경찰청에서 재심 피고인에 대해 사과했었지..  
20170216,10,경찰 어떡하냐 사지를 찢여 말라죽여야하나 이런 황당한 사건이 실화라니 말이안나온다  
20170216,7,관람객쏘쏘하게 괜찮은거같아요~결말이 좋게 끝나서 찜찜하지 않아서 좋아요재밋게 잘 밧습니다~~!!  
20170216,9,출중한 연기력 덕에 끝까지 감정이입해서 본 영화. 응원합니다!  
20170216,10,억울함 차마 말로 표현 할 수 없는 감정연기자들의 연기로 조금이나마 분출할 수 있었던 것 같은 느낌 실제 사건이어서 더 화가났고이 썩어 문드러진 사회 회복은 못하더라도 더 썩지 않았으면 하는 바램이 있네요  
20170216,10,"많이 슬프고 억울하지만 정의가 힘없는 실제 이땅에서 그나마 살아있는 정의라는게 무엇인지 몸소 설명하는 영화. 영화적으로만 봤을때는 재미없다 할 수도 있지만, 재미를 뛰어넘는 메시지와 연기력으로 충분히 대박인 영화.  "
20170216,10,연기력 최고 정말 긴 시간이 아깝지않을정도  
20170216,9,관람객실화였기 때문에 더 가슴아프고 감동적이였습니다그리고 배우분들 연기 진짜...대박임  
20170216,10,감동....!!!!  
20170216,10,최근 한국영화중 최고~ 그리고 쓰레기 경찰과 검사 너무한다  
20170216,8,관람객요즘 나온영화중에 제일 재밌게 봤어요 연기는 정말 잘하는데 내용이 조금 부족한 느낌이네요  
20170216,10,정우 강하늘‥ 기대대는 배우들 있다가 보러가욤‥ 기대기대ㅋ  
20170216,10,관람객감동영화!굿!강하늘이랑정우 멋있당♥  
20170216,8,다 좋은데 결말이 좀 아쉬웠어요. 개인적 으로 판결나고 무죄입니다 이러길 바라는 결말이였는데 ..ㅎ ㅎ  
20170216,8,관람객재밌네여 볼만해욥 늦은 시간에 봐서 피곤했어요 근데 재밌  
20170216,7,조금 실망했어요. 정우와 강하늘의 브로멘스는 정말 아니 이걸 브로멘스라고 해도 되는지도 의문이 들정도로 너무나도 좋은 연기를 선보여 주셨습니다.의문이 드는 장면들 너무 아프기만해 보이던 장면들만 뺴면 말이죠 그래도 졸리지는 않습니다  
20170216,4,사실을 근거한 영화임에 안따깝고 화나는 마음만 남는영화~ 진부한 드라마를 영화관에서 본 느낌..ㅜㅜ  
20170216,10,그래 바로 이런게 영화다.  
20170216,10,"관람객쓰레기성님 연기 너무 좋습니다. 정의라느무엇인가를 다시한번 생각해보게라는 영화네요. 우리나라 현 정세와 딱 맞는 영화입니다. 늦은밤 영화를 보고, 우리 사회가 정말 깨끗하게 정의로운 사회가 될수 있을지 고민하는 밤이 되었네요..  "
20170216,7,큰거 볼일 보다가 덜 본 기분..중간에 지루하게 전개되다가 찝찝한 마무리..뻔한 종류의 감동..억지스러운 설정..정우 연기는 볼만함..그저 그럼..  
20170216,9,전재산 수임료로 받아보셨습니까? 캬..강하늘 존잘이다ㅠㅜ연기를 다들 너무 잘하고 재밌어요  
20170216,10,전재산 받아보신적있으세요? 제가 이겼네요. 아직까지도 기억에남는 대사  
20170216,9,더킹처럼 허구가 이기는게 아니라 진짜가 이겨주는 현 시대와 시점에 필요한 영화  
20170216,1,"정우 광팬이고 역시나 예상대로 연기력은 최고이지만 영화로만 봤을때 다소 재미가 없습니다. ""살인자 누명을 쓴  억울한 청년의 사건을 영화로 만들었는데 재미가 있냐?"" 라고 생각하신분들만 10점 주실거 같습니다. 재미는 확실히 떨어집니다  "
20170216,2,"뻔한 내용, 진부한 전개, 어이없는 결말... 영화가 끝난 후, 웅성웅성 거리는 소리가 상영관을 가득 채웠습니다.  "
20170216,10,3개의 포인트가 있었다...  
20170216,10,관람객  재밌었어요 연기도 다 좋았고 내용도 좋고 실화여서 더 슬프고 와닿는것 같아요  
20170216,10,"잘 봤습니다. 좋은 영화, 좋은 연기.  "
20170216,10,썩어빠진권력.... 지금도 피해자가 나오고있다..ㅡ  
20170216,10,OOOㄹ 그경찰새끼들 닭대가리랑 뭐가 다르냐 안뒤지냐 자식들이 그영화보고 먼생각을 할까 아열받어  
20170216,10,강하늘 정우 연기대박!!!  
20170216,10,진짜... 연기력미쳤다.. 강하늘은 이제 믿고 보는 배우다  
20170216,10,아직 그래도 세상은 따뜻하다  
20170216,9,그들은 재심에서 이겼다. 영화 만들어지는 중간에도 그들은 계속 앞으로  나아갔다. 현실이 영화를 완성해줬다고 생각한다. 영화가 아쉽긴 하지만 상대점수로 9점 준다.  
20170216,9,보는동안 지루함없이 잼났어욤. 질질끄는거 없이 깔끔.  
20170216,7,관람객실화를 바탕으로 제작하엿는데 .너무 화가나고슬펏습니다.아쉬운점은누명씌인피해자가 10년동안 구치소에서 억울한표현도있었으면  더욱 감정몰입이 될수있었을것 같습니다.  
20170216,3,개연성이 너무 부족한 영화 추천하지 않습니다. 댓글알바에 놀아나지 마세요  
20170216,8,"배우들의 연기력이 캐리한 영화, 다만 감독의 역량이 조금 아쉽다.  "
20170216,10,진짜 이건 꼭 봐야한다 실제 우리나라 경찰행정직도 이렇지 않다는 보장도 없고 이 나라를 어떻게 바꿀것인지 그게 중요할거같다  
20170216,9,"가슴아프고, 훌륭한 연기에 감사드려요. 최고!  "
20170216,8,관람객마지막이... 쫌 아쉽네요 재판하는모습을보여줬더라면 더가슴에와닿았을텐데..ㅠㅠ  
20170216,8,잘보았으나 흥미로보는 영화로는 많이 부족한게 사실입니다.변호인따라한듯한데 못미쳤다 . 아쉽네요 하지만 나쁘지않았습니다. 큰관에서 하길래 엄청재미날즐알고 ㅋㅋㅋ 속은느낌  
20170216,9,9점 주는 이유는 마지막에 똥 덜싸고 끊은 기분이라서다영화 꿀잼♡♡♡♡  
20170216,9,강하늘이랑 정우의 연기 끝판왕을보실수잇습니다ㅔ  
20170216,10,약촌오거리 사건. 그것이 알고싶다. 첫 방송때 너무 분개해서 경찰서 홈페이지와 기사에 댓글을 달고 진실을 밝혀줄것을 강력히 요구 했었습니다. ?배우분들이 넘 실감나는 연기를 해주셔서 가슴이 더 찡했네요. 많은분들이 봐주셨으면 좋겠습니다.  
20170216,10,엄마생각 친구생각 내생각 많이 하게 되는 영화  
20170216,9,정우 연기 미친듯 ㅋㅋ 이제야 응답하라 쓰레기연기서 벗어난듯  
20170216,1,허무함 해결이 안납니다.  
20170216,10,배우들 연기만으로 10점 줄 수 있는 영화  
20170216,10,너무재밌습니다 우리나라 현주소를 알려주는 영화  
20170216,10,재미있게 시간가는줄 모르고 잘봤습니다  
20170216,10,두 시간 내내 몰입할 수 있었습니다개봉작 조조였는데고3 작은딸도 정말 재미있었다며 엄지척입니다강추합니다  
20170216,10,관람객진심 조작된 도시보다 잼  
20170216,8,개봉일에 봤는데 마무리가 조금 아쉬웠지만 배우들 연기는 굿굿굿!  
20170216,10,너무 감동이었습니다시간이 어떻게 가는줄 모르고 봤어요  
20170216,7,관람객마지막 장면이 아쉬웠습미니  
20170216,10,배우들 연기 잘하고 강하늘 정우 케미가 와...시간가는지 모르고 봣어요!  
20170216,10,아직도 떵떵거리며 사는 그 인간들이 이 영화를 보고 양심의 가책이라도 느꼈으면.  
20170216,9,"하나도 지루하지 않고, 재미있고요. 심혈을 기울여 잘 만든 영화입니다. 감동도 있고 의미도 있고... 여러모로 추천하는 영화입니다. 꼭 한번 보시길 추천합니다. 감사하게 잘 봤네요 ^^ 정우랑 강하늘 등 연기 정말 좋았습니다 ^^  "
20170216,9,"관람객지루한부분이없어집중해서볼수있고, 실화를 바탕으로 해서 그런가 공감도 많이 되고 잼있게 잘 봤어요.  "
20170216,1,이게 영화냐 더럽게 재미없네  
20170216,10,"진심..정우, 강하늘.. 연기 좋네요..  "
20170216,10,훌륭했습니다. 미꾸라지같은 양아치들은 과거에도 현재에도 존재한다. 멋진 연기 감사합니다.  
20170216,8,관람객배우들이 연기를 너무 잘하셔서 엄청 집중해서 봤어요.ㅠㅠ  
20170216,6,관람객한참 재밌다가?엔딩부분이 무척 아쉬웠음..정우 연기짱! 강하늘 연기많이 늘었구요.김혜숙 원래연기파지만 나날이 역시 대단합니다보고나오면서?그 뭔가 2%부족한 아쉬움에  
20170216,9,"한국 영화의  특유의 신파, 질질끌기를  조금이나마 많이 없애버린 영화.  배우의 명연기. 감독의 욕심을 줄인 좋은 영화. 쓸데없는 많은 폭력성이 약간 아쉽.  "
20170216,10,완전 대박!!!!강추!!  
20170216,10,전부 다썩었다. .실화라니. .피해자들이 더있을텐데 잊지말고 기억하고 알아내고 널리 알려지길. .  
20170216,9,영화에서 죄 지은 사람들은 깔끔한 얼굴에 수트 정장에 번쩍거리는데 그에 반해 죄 없는 현우와 현우 어머니의 꾀죄죄하고 안쓰러운 대비가 가슴 어느 자리에 얹혀 있는 것만 같다. 이 영화 진심으로 잘 됐으면 좋겠다.  
20170216,3,배우들의 연기는 더할나위없이 훌륭했습니다 . 하지만 영화가 너무 늘어지고 소재도 좋았지만 스토리가 너무 아쉽습니다.  
20170216,3,방금보고왔어요.배우들과 역활이 맞지않는 느낌.연출 이상하고넘 기대한 내탓인가ㅠㅠ다알바들인가  
20170216,7,내용 줄거리 배우들의 연기력 다 좋았는대 결말이 조금 아쉬움이 남습니다.  
20170216,10,정말..너무 가슴이 아프고 돈을 쫒아가지 말아야겠다는 확신을 다지는 영화였습니다..  
20170216,5,아... 너무 기대하고 봤으나 시나리오가 너무느슨하고 지루하고.. 연기력은 좋았으나 많이 실망했습니다... 이런글 남기는것도 처음입니다..  
20170216,1,관람객허무함 너무허무함 너무너무허무함  
20170216,10,관람객정우와 강하늘의  연기가 실감나네요.감동적이었습니다..정우가 연기한 변호사같은 분들이 많았으면 하는 바램입니다..  
20170216,7,관람객돈이아깝지 않은영화네요. 배우들의 진심을 담은 연기가 아주 좋았습니다.  
20170216,10,정우님이 저렇게 연기를 잘하시는지 오늘에서야 깨달은 내가.. 참.. 강하늘님은 언제나 옳으시구요.. 진짜 연기 하시는거 보고온게 아니라 진짜 뭐라해야되냐 다들 너무 실제처럼...아.. 표현할 방법이없넹 ㅋ 결론은 강하늘 넘나 잘생!  
20170216,8,"변호인 정도의 완성도는 기대하기 어렵습니다. 다만, 충분히 흡입력 있는 작품이며 사회의 부조리를 근절하기 위해, 피해자분의 위로를 위해, 정의를 위해 볼 필요가 있는 영화입니다.  "
20170216,10,관람객오래간만에 제대로 된 한국영화를 볼 수 있었다..정우한테 바람 이후로 다시한번 팬이됐다ㅠㅠ  
20170216,10,너무억울햇겟네요... 진짜 제가본영화중에서 제일억울햇어요  
20170216,8,관람객그래도 좋아요 정의가 살아있어야지  
20170216,10,관람객10점까지 평가할 수 밖에 없다는 게 아쉬울 뿐 입니다.  
20170216,10,관람객개추천 꼭보세요 후회 안합니다  
20170216,9,"연기력이 돋보이는 영화였지만, 중간에 살짝 지루한느낌이없지않아 있었지만 재밌게 봤습니다  "
20170216,8,관람객다행이네요 쟈밋어용용  
20170216,10,흐름이 약간 영화처럼 극적인 연출이 있었지만 그래도 여자친구와 재미있게 봣네요  
20170216,9,관람객재미있게 본 영화엿습니다 추천함  
20170216,10,관람객감동받았습니다 경찰이나빠요  
20170216,10,관람객두배우 인생연기 잘봤습니다  이런 좋은 취지의 영화에 그런 명연기라니!! 박수 보내드립니다  
20170216,1,괜히본거같네요....  
20170215,10,관람객재미이써요아어야어어  
20170215,6,관람객강하늘정우 연기짱 근데 급정리하는 느낌ㅠㅠ  
20170215,9,"배우의 연기력, 스토리전개, 등장인물의 개성 다 좋았습니다. 권선징악이라는 뻔하디뻔한 교훈도 새삼 좋았구요그런데 마지막 엔딩이 급해 아쉬움이 남네요. 글로 설명되는 얘기들이 영화로 드러났음 더 좋았지 않았을까...그럼 정우씨가 더 멋져보였을텐데ㅎㅎ  "
20170215,3,관람객초반부터 중반까지 볼만했으나 마지막 끝나기2분전부터가 너무별로여서 약간 돈이아깝네요  
20170215,9,"개인적으로 끝마무리가 아쉽긴 했지만,진짜 좋은 영화  "
20170215,10,"후기 처음 남깁니다 진짜 인생영화에요 명연기 보여주신 강하늘, 정우 배우님 깊은 감동 주셔서 감사해요  "
20170215,9,예고보고  개봉날만 기다렸어요~~개봉해서  오늘보러갔는데요 ^^실화를 바탕으로  만든영화라고해서  더궁금했습니다제개인 소견은 너무보는내내  마음이아팠어요다시는 그런일없으면좋겠어요영화못본분들은  꼭보세요  ㅎ추천해요~~  
20170215,4,관람객변호인 초반부분 같습니다.  
20170215,10,정말로 대단한영화입니다~ 정말 이 이야기가 실화라는게 믿기지가않아요. 영화보면서 욕나올뻔했어요.진짜 감명깊게봤고요 지금이시대에 맞는 영회라고생각합니다.이영화 보면서 주의할점 욕은 나올수밖에없어요ㅋㅋㅋ욕조심하세요  
20170215,10,꼭 봐야할 영화.보는내내  맘이 아프고  이 영화가 실화라는 것이 더 맘이 아픈 영화.  
20170215,10,"진짜 재밋음. 영화내내 긴장하게 만드는 영화.돈 1만원내고 본게 안아까움영화 끝나고 계속 ""하..엄청났다...""만 반복했음별 10개  "
20170215,10,기대한만큼 최고였어요  
20170215,10,강하늘 별로 안좋아했었는데.. 연기에 대한 열정 정말 한 배우를 다시 봤습니다. 티비를 잘 안봐서 응팔도 정우도 처음 봤는데 김명민인줄.. 두 분 다 연기력 베테랑급이고 멋져요! 이 험난한 세상 약자를 대변하는 정말 아름답고 가치있는 영화랍니다~*  
20170215,10,관람객역시 내가좋아하는 배우 정우 잘봣어요  
20170215,1,낚였다OO 댓글쓰레기 영화  
20170215,1,결말이 쫌 허무하네요 잘보다가 갑자기 끝남  
20170215,10,"관람객28년 살면서 영화 광인제가 처음으로 평점을 남겨보네요. 정말 제생의 최고의영화였고, 실화를 바탕으로 한영화라 그런지 너무 몰입해서 봤고 펑펑울었네요. 배우란 직업이 너무 탐이나고 정우, 강하늘배우님들한테 너무 감사드립니다.  "
20170215,1,연기 정말 잘하네여~~~  
20170215,6,"잘 만든 영화, 그러나 마지막에 시간이 더 있었다면 더 좋았을 영화  "
20170215,6,관람객무난한 감동스토리그 이상 그 미만도 아님  
20170215,9,분하고 슬퍼서 울었따!  
20170215,10,강하늘 연기 진짜 대박..  
20170215,10,진짜 연기력도 감동이지만 내용이 엄청나네요.. 배우고갑니당ㅎㅎ  
20170215,10,배우들의 감정연기가 날 미치게 만들었다...다시보고싶다  
20170215,10,정의구현 좋았습니다역시 더럽게 까지고 솔직해 보이는 사람들이 알고보면 제일착함  
20170215,10,원래 한국 영화 영화관에서 보는거 돈 낭비라고 생각했는데 이건 진짜 그 가치 이상이다.연기는 뭐 말해봐야 입아플 정도로 빈틈이 없고 내용 역시 완벽했다. 좋은 법조인이 되어야겠다고 다짐하게 해주는 영화였다.  
20170215,10,관람객정우 연기보는 맛이 있어가지고 너무 재밌었어요  
20170215,10,관람객분하다....무죄를 확정받았지만 개운하지도 않다.그가 지나온 시간들을 어떻게 보상할 수 있을까... 절대 다시는 이런 일이 없어야 한다ㅠㅠ '참 안됐다 너무하다' 하고 넘겼던 사건을 이렇게 영화로 보니까 조금 더 깊이 생각할 수 있는 것 같아서 좋았다  
20170215,10,재밋다 근데  똥싸고 똥안닦은 기분이다  
20170215,10,나의 인생영화... 나는 정의사회를 꿈꾼다.  
20170215,10,"난 왜 더 이 영화가 좋았냐면 어떻게 보면 재판도중 우여곡절을 겪고 결국 이기는 그런 진부한 장면과 내용이 나오는게 아니라,  재심하기까지의 과정을 다뤘는데 신박했고 배우들 연기가 압권이였다..재판으로 딱 해결되는 그런 통쾌함 원하시는거라면 비추.  "
20170215,10,도가니 이후로 찝찝한영화 ....그억울함 어케풀지!!아오  
20170215,10,정우 연기 보다 눈물 뚝~조연들도 연기 좋음  
20170215,1,정의로운장면은 인정하나 정우변호사연기별로다네이버 평점 휴 평점에속지마시길  
20170215,10,관람객기대만큼이나 소름돋게 재밌는 영화!!! 강하늘과 정우 명품연기로 시간가는줄모르고 봤어요!  
20170215,10,"배우들 연기가 정말 일품입니다!! 재판과정이 나오지않는 법정영화인데, 오히려 그 덕에 인물 하나하나에 더 이입할 수 있고 좋았어요!  "
20170215,10,"근래 본 영화중 최고. 정우,강하늘 그리고김해숙,이동휘등조연들까지 최고의연기. 실화였기에 더생생했고 더아팠고 더화났다. 마지막에 나온 최준영 변호사를 보며 정말 뭉클했다. 이런 변호사가 있기에 아직 정의는 살아있다.고 얘기해 볼 수 있지 않을까..  "
20170215,8,관람객흥미진진 마지막이 조금 허무4  
20170215,10,오늘로 두 번째 보는 건데 첫 번째 보다 더 집중하며 봤다.이제 올 봄날처럼 따뜻한 영화!!!  
20170215,10,관람객역시 정우 연기력 쩔엇음!!  
20170215,9,관람객마지막이 아쉽! 재심이 진행이 마지막까지 나오고 끝났었으면 더 좋았을텐데 아쉽네요ㅠ  
20170215,10,"정말 교훈을 주는 영화입니다. 정우, 강하늘 등 배우분들의 대사 하나하나가 가슴에 꽂히고 기억에 남는데요 그만큼 연기력이 훌륭하다는 뜻이겠지요. 실화를 바탕으로 해서 그런지 여운이 쉽게 가시질 않네요.. 그래서 내일 한 번 더 볼 예정이랍니다.  "
20170215,10,견찰과 찜쪄먹은 검사새끼들... 헬조선의 극치다.  
20170215,10,OOO기 정의는 살아있다  
20170215,10,와 정우 강하늘 연기력... 내가 이렇게 영화에 몰입하다니  
20170215,10,관람객다시는 억울한 일이 없기를.  
20170215,10,정우는 이미 연기 잘하는거 알고 있었는데 강하늘 다시 보게됐다 재심 보고 집에와서 동주 봄 연기 진짜 잘하는듯 내용도 좋았고 두 배우의 연기가 정말 압권인 영화  
20170215,10,관람객존잼스 정우 머싯스..  
20170215,10,엔딩크레딧 올라갈때 박수쳤다. 이건 꼭 봐야하는 영화다.  
20170215,10,법정영화 중 최고라고 생각합니다.  
20170215,10,관람객강마늘 죤잘 ㅎㅎㅎㅎ 잘봤어요 ㅎㅎㅎ  
20170215,10,연기력 장난없고 후반부쯤에 눈물이 다 나네요꼭 보세요  
20170215,8,"관람객정우, 강하늘 명품연기 ~~~?  "
20170215,10,관람객꿀잼 짱잼 존잼이에요 추천추천  
20170215,10,"정말 꼭 보세요!!!  박준영 변호사, 응원합니다!  "
20170215,1,"전개가 말도 안되고, 영화보다가 처음 중간에 나온영화ㅡㅡ 평점에 속지마세요  "
20170215,10,관람객배우들의연기에놀라고 내용에놀랍니당 재밌어요!!  
20170215,9,관람객정말 연기 최고!♡ 하루빨리 억울한 사람없는 세상이 오길...  
20170215,10,와 진짜 이거.... 저는 개인적으로 영화고르다가 정우님이 연기하시는 영화라봤는데 정우님이랑 강하늘님이랑 눈동자 하나도 안흔들리는연기 진짜 보기좋았습니다.것보다 오히려 저가 태어날 시기에있는 살인사건에대해 잘 알아가는 기회가되었고 보는내내긴장되었습니다  
20170215,10,일단 재미있네요. 근데 정우가 이렇게 연기 잘하는줄 처음 알았네요  
20170215,10,관람객무죄를받아서정말다행이야요ㅠ  
20170215,10,관람객최고최고최고최고 good  
20170215,10,이 영화를 보고 나서 든 생각은 내 인생 영화를 드디어 찾았다.  
20170215,10,관람객재밌었어요 추천합니다  
20170215,10,관람객배우들 연기 구성 좋았습니다  
20170215,10,관람객감동적이었습니다ㅠㅠ  
20170215,6,"좀더 사실에 가까운 연출이 아쉽네요. 좋은 소재, 멋진 배우를 가지고 이정도 밖에 감동을 주지 못하다니 매우 안타깝습니다.  "
20170215,10,관람객재심 정말 재밌게 봤어요 짱짱  
20170215,10,관람객정우 짱~~!! 대박 ~~  
20170215,8,관람객법정씬이 없어서 뭔가 똥사다 똥 끊긴느낌!  
20170215,10,대한민국 현실에 울컥하는 영화였고 실화라는 것에 더 울컥하게 만든 영화다. 정말 많은 것을 생각하게 되고 그냥 '안타깝다'라는 동정만 느끼는 것이 아니라 더 많은 것을 깨닫게 해주는 의미있는 영화입니다.  영화인분들 존경합니다.  
20170215,10,정말 나오시는 배우분들 모두 연기너무잘해요ㅠ 인상깊게봤어요 좋은영화감사합니다!!  
20170215,8,"재판하는 장면이 안 나와서 아쉬웠는데, 많은 사람들에게 앞으로 당신은 어떠한 재판을 할 것인지 묻는 것 같습니다. 정의가 살아있는 대한민국이 됐으면 좋겠습니다.  "
20170215,10,관람객법은 진정 모두 앞에 평등한가  
20170215,10,관람객소수의 약자에게 정의가 있다는것을 새삼 느끼게 하는 영화인것 같았습니다  
20170215,7,관람객재판하는장면이 안나와서 아쉬웠습니다.  
20170215,10,관람객무죄되서 너무 기쁘다 착한 사람들이 승리했으면 좋겠다  
20170215,10,정우 강하늘씨 연기에 두손두발 다들었습니다 ㄷㄷ  
20170215,10,마 내가 니 변호사 할게 키야~~~~  
20170215,10,관람객연기력이 와....소름돋는연기입니다  
20170215,9,주연 조연분들 모두 연기 잘하는 분들이셔서 믿고 봤는데 역시 훌륭한 선택이었습니다. 배우분들 연기력에도 감탄했고 실화라 그런지 더 와닿았습니다. 마무리가 아쉬워서 9점!  
20170215,10,진짜 정우에 대한 인식이 완전히 바뀜뻔한 한국영화를 명작으로바꾼 배우들에게 박수를!  
20170215,8,부러진화살이나 변호인을 생각하면서 기대하고 봤는데 당연 연기는 말할것도 없으며 빈틈없이 꽉꽉채운 영화였지만 사이다 한잔의 명쾌한 재판이 보고싶었던 아쉬움이 컸다... 고구마 세상맛있게 먹고 개운하게 사이다한잔으로 넘기려는데 사이다가 없어진기분...  
20170215,10,관람객완전 재밌고 감동적이였어요!  
20170215,10,"오랜만에 영화관에서 만난 배우 정우(김정국)는,더 우려진 사골같은 배우로 우리의 마음을 울렸다.강하늘의 억울함을 호소하는 연기에 영화를 보는내내 눈을 뗄수가없었다.  "
20170215,10,관람객소재때문에 무거울까봐 보기 싫었는데.. 미안할만큼 재밌게 봤음니다. 웃다가 마지막엔 울면서 나왔네요. 굿!  
20170215,8,관람객믿고보는 정우!! 실화를 바탕으로 했기도하고 그것이 알고싶다를 본 입장으로써 재밌게 봤어여  
20170215,10,보는 내내 자꾸만 가슴 한구석이 매여오는 먹먹한 감정만 들어차는 영화  
20170215,10,정우가 엄청 멋있네요ㅎㅎ  
20170215,10,꼭 봐야지 후회 안할 영화입니다!! 쥑입니다.  
20170215,10,관람객내가 좋아하는 장르 영화라서 짱 좋았음!  
20170215,10,관람객올해 최고의 영화 재심 화이팅! 부모님께도 보여드릴거예요~!  
20170215,10,마음도 이프고 이런세상 탓도 되며 눈물도 나고 생각을 많이하게 만든 영화  
20170215,9,왜 법은 강한 자들을 위해 있을까. 그것을 곰곰히 생각해보게 하는 영화 였다. 우리는 왜 항상 당해야 하는 걸까.  
20170215,10,"관람객시간가는 줄 모르고 몰입해서 봤어요~! 정우 연기 이렇게 잘하는지 몰랐네요, 정우, 강하늘의 재발견입니다. 김해숙 엄마 연기에 눈물이 찔끔났어요  "
20170215,10,대부도 가서 친구들이랑 여행 하고 있던 중에 촬영 하던거 봤는데 너무 멋있었고 진짜 짱이었어요!! 영화 잘 봤어요!!  
20170215,10,영화재미있게 잘 봤습니다. 감사합니다.  
20170215,10,"관람객스토리를 뒷받침하는 배우들 연기, 특히 김해숙씨 연기에 울컥했습니다  "
20170215,9,진짜 오랜만에 영화다운영화본느낌이에요연기잘하는 배우들만 모여서 보는내내  몰입감도좋았어요그리고우리나라법 이랑 몇몇나쁜경찰들 검사들 때문에 이런일들이또안일어났음하네요  
20170215,10,불과 십여년전에 대한민국에서 일어난 사건이라니...박준영 변호사님 존경합니다. 피해자 분도 이 영화로 조금이나마 위로 받으셨으면 합니다.  
20170215,5,지루했다알고있는 사실을 두시간으로 늘려서 보는 느낌연기력은 좋았으나 재미가 없었다  
20170215,10,와우  대박~~   엄청 울었어요~~ 다시 한번 보고 싶네요~  
20170215,10,이게 실화라는 게 화나는 영화..진짜 꼭 보세요..ㅠ  
20170215,10,생각도 안하고 봤는데 빠져서봤어요ㅎㅎ  
20170215,10,관람객배우님들 당신들이 연기해줘서 감사합니다  
20170215,10,남자친구를 울린 영화...  
20170215,8,관람객마지막 장면이 제일 아쉬움진지하게 보고있었는데... 끝나다니ㅜㅜ  
20170215,8,초반에 쫌 지루한감이없지않아 있었어요.그래도..볼만한 영화  
20170215,10,관람객고구마 같은 세상에 사이다 같은 영화ㅠㅠ  
20170215,10,마지막에 눈물이 왈칵 쏟아졌다. 연기 구멍이 하나도 없다는 게 이 영화의 가장 크고도 중요한 장점이다!  
20170215,1,와 진짜 재미로 보는 영화가 아니라지만 너무 심각하게 재미도없고 잠와서 중간에 나올뻔했다 전개도 느리고 마지막에 너무 모든걸 해결하려하다가 정리되지않은 결말이 된것같다  
20170215,10,"관람객너무 재미있었어요. 정우 연기 강하늘 연기도 좋구, 울컥했었어요  "
20170215,10,요즘 같은 시국에 영화 재심은 다시 한번 사회적 문제점들의 국민들의 관심과 조금이나마 개선하겠다는 의지가 필요하다는 것을 느껴습니다. 덮으려는 자가 그걸 쉽게 여긴다면 이 사회는 죽었다는 것이...박준영 변호사님 응원합니다  
20170215,10,관람객엄마와 같이봤어요! 재밌었습니다다들연기가 어마어마했어요!!흥해하세요!!  
20170215,9,관람객정우의 연기는 언제나 호감이고실화를 바탕으로 제작해서그런지 굉장히 자연스러운 전개였습니다  
20170215,1,씹노잼 잠 잘잤습니다 ㅋㅋ  
20170215,10,제 꿈이 생겼습니다 변호사요 존나 대한민국 쓰레기 다잡아너어서 돈많이벌어서 영화 찍을게요 많이들보러오세요  
20170215,10,돈 아까워 하실 필요 없이 그냥 즐기세요. 간만에 개운한 영화 봤습니다. 잘 봤습니다.  
20170215,10,관람객명품 배우들의 명연기가 스토리의 질을 높였네요! 이런영화 많이 나와야합니다!과거 억울했던 사건의 모든 피해자들이 이러한 명품 영화를 통해 세상에 알려져진실을 되찾는 계기가 되었으면 하네요.2017년 한국영화의 분위기를 바꿨네요. 강추!  
20170215,10,배우분들 연기력에집중하고 잘봤어요  
20170215,8,제대로 된 법집행과 정의가 살아있는 나라에서 살 수 있기를... 내가 살고 있는 이 나라가 힘 없는 사람이 치이는 나라가 아니기를...  
20170215,10,자극적인 장면없이 배우들의 연기로 꽉 채운영화  
20170215,10,관람객강하늘느님 연기가 너무 좋네요. 수작입니다.  
20170215,7,사이다같은 결말을 기대했지만 그렇지 못 함결말빼고는 연기력도 그렇고 다 훌륭한 영화  
20170215,6,변호인 c + v = 재심 힘없는 변호사가 경찰의 부당한 폭력으로 거짓 진술을하고 그걸 법정에서 밝혀내는 실화라 어쩔수없지만 마지막이 너무 아쉽습니다 ㅠㅠ  
20170215,10,진짜 재밌어요ㅜㅠㅡㅠ배우들 명연기짱!  
20170215,10,정우 흥해라 파이팅!!!  
20170215,10,관람객좋은 작품 잘봤습니다. 법 이 단어 하나가 박히는 영화였습니다  
20170215,9,실화라서 더 답답했던 영화. 배우분들 연기는 두말할 것도  없었습니다. 꿀잼  
20170215,1,정말 돈이 더럽게 아까울정도로 재미가없는 영화네요 하하 정말 신발 영화좀 재대로좀 만드세요 ㅋㅋㅋ  
20170215,10,"와, 오늘 봤는데 이 영화 보기 참 잘했다는 생각이 드네요. 다들 연기력이 좋아 몰입하면서 봤습니다. 이런 일이 실제로 있었다는 게 믿기지 않고 세상엔 험한 일들이 많은 것 같습니다. 눈물도 자연스럽게 흘러내리고 지루함이라곤 찾아볼 수 없습니다.  "
20170215,9,관람객감동적인 영화였어요.  
20170215,10,10점입니다. 말해무엇하리  
20170215,10,관람객잘못된 선택이 한사람에 인생을 망쳐놓은 일보면서 화가 많이 난영화였다  
20170215,10,관람객배우들 연기 역대급!!! 화나고 안타깝다 뭉클하게 울린다! 강추!!  
20170215,9,관람객진짜잼 꾸르르르잼 한번 더 보고싶어용  
20170215,10,관람객실화를 바탕으로  만든 영화여서 감명깊게 봤습니다  뜻깊은 영화 입니다!!  
20170215,7,"좋은 배우들의 좋은 연기는 어쩌면 당연하다. 뚝뚝  끊기는 장면, 익숙한 연출. 과연 캐스팅만큼 좋은 영화가 나온걸까.  "
20170215,7,영화라기 보단 한편의 웰메이드 드라마를 본 느낌  
20170215,10,관람객연기 진짜 좋았다!!!  
20170215,10,정우.늠.대박.연기짱.정말.대박이에용.정우.홧팅  
20170215,10,배우들의 연기력에 감탄 또 감탄 보면서 같이 억울하고 화나며 슬펐고 기뻤다  
20170215,8,관람객강하늘과 정우의 연기 너무 잘봤어요. 중간부터는 조금 루즈해지는 느낌이여서 별 두개 뺐어요.  
20170215,10,역대급 영화다 진심 변호인이랑 맞먹음  
20170215,10,관람객배우들 연기가 너무 좋았어요~~ 진실을 진심으로 다가가는 영화~  
20170215,7,관람객보통 이런 사건실화에대해서 다루는 영화면 정말 웬만하면 명작 뜨더라구요 근데 제가 너무기대를해서 개봉일날 굳이챙겨서 보러갔는데 기대를 한나머지 역시 실망감도있듯이 그렇게 명작까지는 아닌거같구요! 물론 제주관적인 생각입니다만 ..ㅎ  
20170215,8,관람객재미있었어요!!마지막이약간허무했어요  
20170215,10,재판장면이 있었다면 지루했을걸? 깔끔하게 끝나서 더 좋았다! 마지막에 자막보고 울컥..  
20170215,1,이건 아닌듯. 허무하게 끝나네요.  
20170215,10,보는 내내 모든 연기자들과 강하늘씨의 연기력으로 저또한 감정이입이되어 보는내내 마음이 아팠습니다. 사회의 부조리로 인해 한청년에게 잊을수없는 상처를 준 우리 사회 모두가 참으로 반성을 했으면 좋겠네요.정말 잘봤습니다!!  
20170215,10,관람객두배우가 등장할때마다 힘이 느껴진다  
20170215,1,전라도 지역에서 흔히 벌어지는 실화를 소재로한 영화 재심입니다.  
20170215,10,긴말은 필요하지않다...'모두가 울었다'  
20170215,10,관람객생각처럼 재밌었다 내 개인적인 생각으론 더킹보다 재밌었음  
20170215,8,상투적이지만 실화가 주는 묵직함  
20170215,10,법은 누구의 편인가를 다시 생각해보는 계기가됨  
20170215,8,"엔딩이 조금허무할뿐, 너무재밋게봣어요  "
20170215,10,와 진짜 연기가....  
20170215,6,관람객어수선한 전개와 결말 ㅇㅇ  
20170215,10,관람객넘 재미있었고 슬펐어요 마지막 장면이  
20170215,9,관람객강하늘하고정우가 연기를정말잘해요 재밌게잘봤어요!  
20170215,10,관람객많은 분들이 보셨으면 하네요 정말 뜻 깊은 영화인 것 같습니다  
20170215,9,관람객끝이흐지부지했지만내용은 알차고괜찮게보고왔습니다  
20170215,10,저는 오늘 이 영화보고 제 삶을 되돌아 보게 되었습니다.  
20170215,9,결말이 조금 허무했지만 배우들의 연기와 스토리 최고!  
20170215,9,관람객정말오래만에영화를봤는덕 재밌게봤습니다억울했을 그분이 참안타까웠습니다영화에출연하신분들연기도참좋았습니딘대박조짐다분함  
20170215,10,희연이랑 봐서 좋았습니다 ㅎㅎ  
20170215,10,진짜 법영화는 연기 잘하는 배우들이 소화해야한다고 생각함 진짜 영화의 순리  
20170215,10,관람객재심 재미있심! 정우 연기 넘 고급지다.. 흥행 대박나길  
20170215,10,실화인 것을 알고 보는데도 실화로 믿겨지지 않을만큼 충격적이다..게다가 강하늘이랑 정우의 연기가  대박임...  
20170215,10,정우 강하늘이여서 믿고 개봉하자마자 봤는데 연기력은 물론이고 스토리까지 완벽하고 대한민국현실을 잘 보여줬던 영화인거같았다. 정말 추천해주고싶은 영화이다.  
20170215,10,와짱구 인생연기다 진짜 너무슬프다 ㅠㅠ2017명작영화인것같다  
20170215,10,"관람객영화를 보는내내 잔잔함을 느끼게 되면서도 실제 약촌 오거리의 사건 소년의 괴로움 10년 동안의 슬픔이 녹아 있으며, 몰입감이 있고 가족들과 같이 시간을 내어 볼수있는영화라 생각한다. 주변 사람들에게 추천 한다. 이런영화가 대박나야한다고 생각함  "
20170215,10,현우의 그 전재산봉투에서 그의 절실함을 알수있다.  
20170215,10,"관람객배우들의 열연, 뛰어난 연출 덕분에 영화가 이야기하는 진심이 그대로 느껴졌다! 다시 또 보고 싶은 영화!  "
20170215,1,ㅡㅡ? 하..와우 하..ㅎ에휴..돈..너무.. ㅌㅋ아깝다 ㅋㅋㅋㅌ하아ㅏㅋㅋㅋ컄ㅋ케케ㅔㅋ케와우..이걸 모든분들이 봣으면 ..헿  
20170215,10,"재미는안바라고 정우연기감상하러갔으나. 구성탄탄+연기神들의향연. 요즘같은 현실에 더킹 보고 ""그럼 그렇지"" 씁쓸했다면 그나마 이 영화를보고 ""그래도 저런 법조인도 있을거야""라는 희망을느낌.형사악역하신 배우 브라보..이영화 뜨면 엄청 뜨실듯.  "
20170215,10,정말 명작....1000만 돌파 기원합니다.  
20170215,10,정우형 저랑 결혼해주세요  
20170215,9,관람객끝 마무리가 아쉬웠지만 배우들 연기도 좋았고 몰입감도 좋았습니다.  
20170215,10,재미와 감동 당연 있구요!  거짓은 참 을 이길수 없 습니다. 영화만들어 주셔서 감사합니다. 출연해주신  연기자 분들 정말 고맙고 약촌오거리 사건을 밝혀주신 변호사님 만수무강 하세요.  
20170215,10,감동적이고 중간중간 스릴도 넘치고 반전도 있는 처음으로 평점을 남기게 해줄만큼 정말 명작 배우들의 연기도 너무 좋았고 배울것이 정말 많은 영화  
20170215,10,관람객흥행예감 재밌게 봤어요  
20170215,10,"관람객꼭 봐야할 영화라고 추천하기 이전에, 모두에게 필요한 영화!  도가니법 만들어 졌던 움직임이 생각난다  "
20170215,10,진심...강추합니다..처음부터 끝까지 몰입도 장난아니네요..오랜만에 제대로된 영화봐서 너무 행복합니다...ㅎ  
20170215,9,정석적인 정의실현 영화스토리에서의 임팩트는 없지만  정우 강하늘 연기력이 지렸다  
20170215,10,먹먹해지는 영화였어요. 억울하게 10년을 감옥에서 보낸 분 마음을 생각하니 정말 가슴 아팠네요 ㅜㅜ  
20170215,6,"아직 재심의 결정이 나기전에 만든 영화.. 그래서 재판 전의 이야기를 다룸. 정우는 충분히 주연할 만하고 강하늘도 괜찮은 연기, 형사역의 배우 정말 베스트~  100명의 범인보다 한명의 억울한 사람을 만들지 않아야 한다.  "
20170215,10,관람객실화바탕이라해서 더 감정몰입해서 본거같아요아 한번더보고싶은 너무 좋은 영화!배우들 연기력도 완전 최고!!  
20170215,10,"시그널이나 보이스 좋아하는사람, 세상 돌아가는거 비판하는 영화 좋아하는사람 이거 꼭 보세요!! 진짜 명작♡♡♡(해빙도 보러갈 계획인 사람)  "
20170215,10,관람객몰입도 최고!  현실과 정의 기회를  정의와 선택 보고나서도. 생각되게하는 영화  
20170215,10,관람객명작! 많은분들이 보셨으면!!  
20170215,6,알바들 진짜 많나..뭐지...배우들 명연기는 인정. 하지만 영화적 재미 요소는 많이 떨어진다. 극의 흐름을 좀더 빠르게 끌고 갔으면 좋았을 아쉬움. 근데 이 영화가 레알 실화라니. 2000년대의 대한민국이였다니. 현실이 무섭다.  
20170215,10,김해숙선생님 오늘부로 펜됬습니다 ^^ 오래오래 명연기 계속 부탁드립니다 ~  
20170215,4,기대치를 낮추고봤는데도ㅠㅠ 고구마영화였어요  
20170215,10,여운 갑인 영화..개인적으로 강하늘 연기에 감탄했다  
20170215,10,관람객법이 어떻게 쓰여야 하는지 보여주는 가슴뭉클한 영화  
20170215,10,아무 정보도 모른채 본 영화.A급 배우들로 가린 각본/감독의 스펙식 영화 찍기.정형화되고 공장으로 찍은 듯 식상하지만배우들의 연기에 10점을!  
20170215,10,믿고 보는 정우 믿고 보는 강하늘 그리고 김해숙 재심 정말 최고였습니다!  
20170215,10,배우들도 연기진짜 잘하고 너무 감동적이다..이런영화를 꼭봐야지  
20170215,10,배우들 명연기 특히 김해숙!  
20170215,10,관람객보는내내화나기도햇지만 재밌었습니당  
20170215,10,이영화를보면서 좋은마음이 생겼습니다  
20170215,1,굳이 영화관까지 가서 볼 영화는 아니었단 생각이 드네요. 와. 그런데 영화보고 평점 주려고 들어왔는데 이거 뭡니다. 알바들 대거 동원했나요? 넘 편향된 평점에 반발이 드네요.  평점을 제대로 되돌리려는 노력이 필요하겠네요.  
20170215,1,제가 봣던 영화중에 제일재미잇슴  
20170215,10,관람객고요한 진실의 외침이 큰 울림을 만들어 냈다.  
20170215,10,변호인을 생각하고 계신다면 보세요  
20170215,10,관람객와... 진짜 감탄사뿐이 안나오는 영화내요ㅜㅜ 정말 재밌게봤어요!!  
20170215,10,억지로 감동을 짜내려고 안하는대도 감명받고 왓습니다. 연기도 좋고 내용도 마무리도 좋네요 !  
20170215,10,영화가 처음부터 끝까지 지루하지도않고 재밌어요~~  
20170215,10,관람객기대작이었다. 기다렸다. 개봉하자마자 보고왔다. 기대 이상이다. 따봉 10개를 주고 간다.  
20170215,10,관람객다시 봤는데도 너무 감동깊고 재밌었어요  
20170215,10,강하늘 정우 연기가 인상깊었어요전재산 수익료 받아봤냐고 울컥했네요ㅠ 꼭봐야하는영화예요너무 감동깊게 봐서 처음으로 영화평점남겨봅니다..  
20170215,10,최고최고사실많이 이기는 사회  
20170215,8,관람객정말 재밌습니다 꼭 보세여  
20170215,10,진실은 이긴다!!! 강하늘 정우 연기 대박!! 인생영화 등극!!  
20170215,10,오랜만에 진짜 재밋는 영화를 봤네요.  
20170215,6,"시사회 통해 봤는데 연기는 좋은데, 실화를 영화로 만들었을대 나타나는 여러가지 단점들이 보임. 픽션으로 넣은 부분들이 너무 붕뜨고 뜬금없는 느낌도 있고... 강하늘 정우 연기는 인정!  "
20170215,10,정우 강하늘배우 응원합니다  
20170215,1,요즘 재밋는영화가 많이 없는거 같다...  
20170215,10,배우님들이 연기도 잘하고 보는 내내 집중하면서 보게 만들었던 진짜 후회없는 영화였습니다. 잘봤습니다.  
20170215,10,보면서 되게 가슴 아팠던 영화 ..  
20170215,5,그알에서 이미 봄 ㅎㅎ ㅅ 고  
20170215,10,관람객재심...너무재밋어서 눈물났어염 꼭보세연  
20170215,10,관람객억울한 누명을 쓰는 국민이 없길 바랍니다.  
20170215,5,정말  실화가 아니었으면.... 못봐줄만한 영화 배우들의 연기는 좋으나 스토리는 현실적으로 이미 짜여진 극본 정말 반전하나 없었다. 진부한 스토리와 일부러 쥐어짜낸 감동이 느껴졌다... 차라리 재판하는 내용을 후반부에 넣었으면 어땠을지... 아쉽다  
20170215,10,더이상 말이필요없네요ㅠ그냥 최고입니다.  
20170215,9,영화 보길 잘했다는 생각이 듭니다!  
20170215,9,"진짜 배우들 연기 너무너무너무잘해서 몰입절로됐고, 보는내내 열받아서,,,;;재판장면없이 뭔가후련했다  "
20170215,6,볼만했습니다... 실화를 바탕으로 했기때문에 .. 안타까움도 있고  때론 답답하고 화가 나기도 했고요.. 하지만 딱 거기까지 인거 같아요.. 극적인 부분도 없고 마지막  재판내용도 제대로 보여주지 않고 대충 마무리된 느낌은 좀..  
20170215,10,흐트러짐없는연기로 집중해서끝까지보게되는영화입니다  
20170215,9,관람객배우들의 연기가 너무 좋았습니다~! 덕분에 몰입해서 보다보니 2시간이 훌쩍지나갔어요 ㅠㅠ 영화 마무리도 어떻게보면 아쉬울수있지만 더 깔끔한 마무리였던거같아요! 추천합니다  
20170215,10,"동주에 이어서, 재심...강하늘의 팬이 됐다  "
20170215,10,진짜 줄거리보고 그냥뻔한얘기겠거니하고봤는데 최고네요..후회안합니다..그냥정말최고입니다..  
20170215,9,짜임새있는 내용과 배우들의 연기가 좋았습니다. 굉장히 몰입하며 잘 보았습니다.  
20170215,10,관람객진심 첨부터 끝까지 하나도 지루함이 없었음! 이런 영화 오랜만임!  
20170215,10,아직 안봤는데 댓글만봐도 다본가같다명작이다.  
20170215,10,익산 약촌오거리 택시기사 살인사건 실화을바탕르로 재구성되영화 *재심*정의롭고..감명깊은 영화로...강추합니다  
20170215,10,"전라도에서 발생한 실제 사건이 배경입니다 네, 전라도는 멀리 해야 합니다 자칫하면 영화주인공이 될 수 있습니다  "
20170215,8,일단 보셈 집중잘됨 ㅋㅋㅋ  
20170215,10,"영화 너무 잘봤습니다!! 정우,강하늘배우님의 연기를 비롯하여 모든 연기자분들의 연기가 영화의 몰입도를 높여주네요 ^^ 그리고 영화보는내내 소소한 재미도 있었고 울컥울컥하게 만드네요..ㅜㅜ 영화 잘만들어주셔서 감사하고 저는 또 볼 예정입니다ㅎㅎ  "
20170215,9,사람에게 초점을 맞추고 법을 겨냥한 영화. 마지막 장면 마주한 얼굴에서 그래도 아직 우리나라는 살아갈만한 나라라는 것을 느꼈습니다.  
20170215,6,실화라는데 실화보단 좀 꾸민거 같고 마무리가 아쉬워쓰ㅏ  
20170215,10,여자친구랑 둘다 너무 재미있게 봤습니다.  
20170215,8,재밌는데 마지막에 살짝 아쉬움이 남았음  
20170215,3,평에 연기잘한다는말을 한다는거..재미없다는거....다큐보다더 재미없다. 연출력이 어떻게 이럴수있나싶다  
20170215,1,시사회 보러 갔는데 옆 사람 입 냄새 때문에 못 보고 나옴.  
20170215,10,관람객거짓은 참을 이길 수 없다. 요즘같은 세상에 한줄기 희망이 되는 참같은 영화. 두 남자의 진심에 어머니의 모성과 관객들의 간절함을 담은 영화입니다. 너무 좋네요..  
20170215,10,시사회 보고왔어요~  그것이알고싶다에서 보고 기억에남는 사건이었는데 영화화된다는 소식에 기대하고있었는데..정말 잘봤습니다~!!연기도좋고 진짜 집중해서 봤어요 대박나길~!!  
20170215,1,와... ㄹㅇ 핵노잼 내 시간 돈 ㅜㅜ  
20170215,10,연기력대단해요 간만에 좋은 영화였습니다  
20170215,10,관람객기대 이상으로 재밌다. 가슴 뭉클하다. 배우들 연기도 좋고.. 최근 찍어내듯 만들어내는 한국영화들이랑 차원이 다른 수작이다.  
20170215,7,재미가 없다고는 말하지 못하겠지만 다소 예상되는 뻔한 전개와 결말... 진부하다는 느낌을 지울수는 없었던 것 같네요. 배우들의 연기와 영화자체에 대한 몰입도는 뛰어났지만 작품만 보자면 별로였던것 같습니다  
20170215,10,진심 인생영화....ㅠ 너무 재밌다는 말로도 형언이 안될정도로...실화를 바탕으로 만든 영화라 감정이입도 되었고 정말 배우분들 너무 훌륭하신 것 같음 ㅠ진심 이 영화는 꼭 봐야됩니다!!  
20170215,9,강하늘 정말 다시 봤다..  
20170215,10,눈물을 흘 릴 수있는 영화는 오래만이었습니다  
20170215,10,연기는 말할것도없고 실화라서 더 마음에 와닿는거같음ㅜㅜ  
20170215,7,관람객보통통통통 아 살빼야지  
20170215,5,연기는 나무랄데 없는데 영화내내 고구마만 먹여놓고 끝이네요  재판에서 통쾌하게 이기는 모습을 기다렸는데결과만 글로 알려주면 어쩌자는 거예요? ㅠㅠ  
20170215,10,삼례 나라 슈퍼 사건과 같은 실화....이게 실화라니 OO이들 진짜 ....난 사형을 옹호하지만 이런 거 때문에 옹호하지를 못하겠다  
20170215,10,1000만 넘는 영화 되길 진심으로 기원합니다. 박준영 변호사의 '가장 무식한 방법. 이길때 까지 싸운다. 포기하지않는다' 이걸 배웁니다.  
20170215,2,그닥  조작된도시나  공조 보세요  
20170215,10,공권력에 놀아나는 법조계. 씁쓸한 현실이긴 하지만 배우들의 연기는 정말 최고였다. 실존인물 박준영 변호사같은 분들이 있어야 세상이 바뀔 것.  
20170215,10,실화라는 사실에 화나면서도 이런 정의로운분이 있다는 사실에 다행이라는 생각이드네요  
20170215,10,다운받을까 말까 ....?  
20170215,10,관람객이게 실화라니 너무 가슴이 먹먹하다. 아직도 이렇게 억울한 사람들이 많다는 것이 안타깝다  
20170215,8,정우 연기 나무랄것 없다. 이경영씨 연기 참으로 고급지다평식이 관점에서 8점준다  
20170215,10,"이영화 최고 명대사는 ""미안해..""지  "
20170215,10,"연기 너무 좋네요.. 정우, 강하늘 최고입니다.  "
20170215,10,연기들이.. 말이 필요없다.  
20170215,10,"관람객최근에 본 영화중 가장 볼만했다. 단순히 억지 감동으로만 이야기하는것이 아니라 재미와 현실을 함께 보여준다. 주변에 추천해도 욕먹지 않을, 누가봐도 좋을 영화!!!  "
20170215,10,관람객진실을 외면하지 말아야함을 깨닫게 해주는 영화. 재판 장면이 주일거라고 예상했는데 재판하기까지의 과정을 보면서 대한민국의 한 국민로서 외면하지 않는 작은 진심이 얼마나 힘있는지를 느낀 영화였습니다. 많은분들이 보셨으면 좋겠네요. 배우들 연기도 최고!!  
20170215,9,배우들 연기진짜 굳!!!  근데 재판장면이없어서 조금아쉽  
20170215,10,너무 슬펐음 이제 행복하게 사시길ㅠㅠ  
20170215,10,배우들 연기 너무 좋아요 소름 돋았습니다 아마 정유년 최고의 영화중 하나가 될거 같습니대최고요  
20170215,10,배우들 연기 너무 좋아요 소름 돋았습니다 아마 정유년 최고의 영화중 하나가 될거 같습니대최고요  
20170215,10,관람객깊은 감동이있네요 정우 강하늘 연기좋았고 무엇보다 실화라는점이 충격이네요 나쁜 세상 좋은 진심이 통하길바랍니다  
20170215,8,너무 멋잇어요 ㅜㅜ 강하늘 정우 이동휘 내사룽?  
20170215,10,최근영화중에서 몰입 잘됬던것같음  
20170215,6,재판장면이 있었으면 더 좋았을것같은... 세세한 연출등이 아쉬운데 배우들 연기는 진짜 짱이에요 ㅠ  
20170215,10,관람객강하늘 때문에 봤는데 응팔 정우의 연기에 더 감동받고 왔네요  
20170215,10,지금 이 사회에서 대중들을 속이는 '조작'된 영화를 볼바에는 재심을 2번3번 보는게 나을거같네요. 1급배우없이 이영화를 빛내준 배우들께 감사합니다.  
20170215,10,관람객감동적인 영화.. 보는 내내 먹먹했습니다-  정우 강하늘 진짜 연기력에 다시 한번. 많은 사람들이 보고 많이 느끼는 영화가 되기를 바랍니다  
20170215,10,관람객정우랑 강하늘 연기 오지네  
20170215,10,관람객김해숙 나오는 순간부터 우느라 팝콘 하나도 못먹음 ㅠ 재심의 진정한 연기존잘은 이분인듯  
20170215,9,실화라서 안타깝다 실화주인공이신 변호사분에게 박수와 응원의말을 전하고싶다 정말대단하십니다  
20170215,10,"관람객실화의 힘, 묵직한 진심, 그걸 오롯이 표현해내는 명연기!  "
20170215,10,강하늘 연기~ 멋있다!!  
20170215,10,관람객대놓고 울어라 하지도 않고 묵묵히 보여주는데도 가슴이 먹먹해지는 실화의 힘. 몰입할 수 밖에 없게 만드는 엄청난 연기들.  
20170215,10,"관람객예고편 보고 넘 보고싶어서 개봉일 기다리다 오늘 봤는데 예상보다 더더더 진심 감동였습니다, 간만에 웰메이드 영화를 본기분이네요 특 히 정우씨 팬이기도 한데 역시 기대를 저버리시지 않으시더군요 아주 잘 봤습니다  "
20170215,6,방금관람하고 평가적는건데.   추천하고싶진않아용  
20170215,10,"관람객진심이 와 닿는 영화라는 말이 정말 잘 어울리는 것 같습니다. 억지 눈물을 짜내지 않는 연출도 좋았구요, 무엇보다 배우들의 절절한 연기가  최고였습니다  "
20170215,10,"관람객개봉 전부터 너무 보고 싶었던 영화였습니다. 영화 보고 났는데 정말 좋네요. 배우들 연기, 스토리, 그리고 사람을 울리기까지 합니다. 같이 보는 사람들 여기저기서 훌쩍훌쩍. 정말 좋은 영화네요. 잘됐으면 좋겠습니다.  "
20170215,10,현실을 잘보여주는 영화  
20170215,10,관람객정우 강하늘 정말 장난 아니네요... 연기 최고. 이 영화 진짜 너무 좋네요. 많은 분들이 꼭 봐주셨으면...  
20170215,10,관람객방금 보고 나왔습니다... 이 영화는 꼭 잘 되어야 합니다. 강력추천.  
20170215,10,정의가 죽은 이 나라에서 생존하기 위해 꼭 봐야할 국민 영화!  
20170215,9,배우들 연기가 정말 훌륭하네요.기대했던 영화 기대만큼 이었듼것같아 만족합니다..  
20170215,10,관람객이게 바로 정우랑 강하늘 인생작이 될듯!!!  
20170215,10,관람객배우들의 탁월한 연기에 담긴 진심의 힘이 강하게 느껴졌습니다. 감동을 강요하지 않으면서 시종 몰입하게 만드는 연출의 짜임새도 뛰어났구요. 우리의 무관심과 편견이 낳게 되는 현실의 모든 불의함에 대해 다시 한번 생각하게 만드네요. 강추입니다!!  
20170215,8,연기 만은 완벽하나 중간중간에 답답함이 없지않아있었고마지막에 그 답답함이 날라가야 하는데 더 쌓인듯한 기분 ...스토리 연기는 최고지만뭔가 깔끔하지가 않네 ...하지만 진짜 연기는 최고  
20170215,10,관람객정말 이렇게 가슴울리는 영화 오랜만에 만나네요. 말 그대로 가슴 벅찬 감동을 받고 나왔습니다  
20170215,10,"관람객정우, 강하늘. 인생작이자 우리가 결코 잊어서는 안되는 이야기. 모두가 봐야만 하는 이야기. 추천합니다.  "
20170215,10,관람객차가워진 세상에 뜨거운 입김을 불어 넣어준 영화. 누구나 꼭 한번이상은 보길 권한다.  
20170215,10,"관람객재밌네,,, 연기 잘하는 배우들이 나와서 푹 빠져서 봄  "
20170215,1,아 개짜증질질끌어대고 허무함잔인하기만함 소리만 크고 ㅡㅡ개 짜증나는영화임  
20170215,10,관람객엄지척 김해숙 어머니 연기 쩔  
20170215,9,관람객실화바탕 그리고 배우들의 연기 볼 이유는 충분하다!!  
20170215,10,강하늘씨만 순전히 믿고 봤는데 스토리도 좋고  너무 몰입잘되고 정우씨도 연기잘하고 많이많이 알려져서 실제 주인공의 억울함이 다시 조명되었음 좋겠습니다 연기최고였어요 두분 천만갑시다  
20170215,10,미친 배우들의 연기와 스토리도 탄탄하니 좋네요.오랜만에 영화다운  영화를 본것 같아요. 시간 가는줄 모르고 봤어요.  
20170215,10,관람객강하늘 연기력에 흠뻑 빠져서 봄 이런영화가 잘되야되는디  
20170215,10,관람객아직도 이런 일들이 일어나고 있는 현실이 너무 충격적이고 가슴아프다 ㅠㅠ 배우들 연기도 최고였다  
20170215,10,관람객한재영배우 진짜 보물이다..  
20170215,10,방금 보고왔습니다 ..영화보고 다시한번 사건을 검색해봅니다.진짜 연기도 좋지만 사건을 알게 해준 제작진 분들께 감사합니다.  
20170215,8,좋았다. 그리고 고마웠다. 우리가 꼭 알고 짚고 넘어가야할 것을 이야기 해줘서.  
20170215,10,이주현 평론가님은 정말 멋진 명언을 남기셨는데 박평식 평론가님은ㅋㅋㅋ 역시 우리가 아는 분이 맞네요ㅋㅋㅋ  
20170215,1,내가 이러려고 영화를 봤나 자괴감 들고 괴로워.  
20170215,10,제목만 봐서는 실화정도만 기대했는데...재미와 감동도 있음. 뭐든 기대이상~~  
20170215,9,강하늘 정우 연기 대박이네요 강하늘이 죽일려하는데 말리는장면 인상깊네요  
20170215,10,관람객와 진짜 재밌었다 ㅋㅋ 오판 ㄴㄴ해  
20170215,9,오랜만에 혼자 본 영화.옆사람도 없겠다 혼자 펑펑울었다.영화 끝나고 걸어서 길을가는데뭔가모를 뜨거운 마음에 혼자서 울었다.가슴속에 남아있는 영화다.오랜만에 좋은영화 본것같다.  
20170215,10,배우들연기와 멋진대사 엄지척!  
20170215,10,"딸과 함께 봤는데 둘다 울었어요, 중간중간 웃음과 감동이 있는 영화에요. 재밌게 잘 봤습니다~  "
20170215,10,관람객우와 두 배우 다 연기 미쳤다 진짜ㅡ 지금 이 시대에 꼭 필요한 영화 강추  
20170215,10,우리나라 현실입니다꼭보세요바뀌어야합니다대한민국  
20170215,10,관람객재밌어요 꿀잼 친구들이랑 다시 보고싶어요  
20170215,10,박준영 변호사를본받는 사람들이 많아지길이시대에 희망을 주는 변호사정우와 하늘의 멋진연기 잘봤습니다좋은 영화만들어준 감독님도 감사합니다 !  
20170215,10,"강하늘 잘 몰랐는데 연기도 잘하고 매력있네요, 배우들 연기도 좋고 드라마도 좋아요 추천합니다^^  "
20170215,10,"아니다. 정우는 과소평가됐었다, 이제 재심으로 제자리 찾으시길  "
20170215,10,관람객시대적 사회문제를 인지하고 끄집어내 잘 이야기해주는 감독님같은 분들이 더 많아져야합니다. 실제인물 변호사님같은 분들도 많아져야합니다. 대단하십니다~!!배우들 연기도 짱~!! 재미있게 잘 봤습니다.대박 기원~!! 대박나세요~☆  
20170215,9,미안해요라는 말이 이렇게 감동적일수가...실화라는 점에서 더 사이다 같은영화...배우님들의 자연스러운 연기가 잔잔한 감동을 주네요  
20170215,6,영화적 요소의 가미가 오히려 독  
20170215,1,조조로 보고 왔는데 기대했던것만큼 재미 없었던것 같아요ㅠ  
20170215,8,실제 사건이라 보면 얼마나 화나고 답답할까 내용이 너무 무겁지 않을까 했지만나름 소소한 웃음도 있고 유쾌한 장면도 있어 재미있게 관람했음!!제발 나쁜넘들은 쫌!!!사라져라  
20170215,6,관람객변호인처럼 강렬하지않다.악인들을 좀 더 구체화했다면 좋았을 것 같은데 아쉽~소재의 한계가 느껴서나 정우 강하늘의 연기합은 좋다  
20170215,1,쿼터제 없애야 되는거 아닌가.... 너무 돈아까비  
20170215,10,졸잼 연기도 대박이고 실화라는게 더 대박이고 이 영화 대박나서 다신 이런일이 안생기길바라며....  
20170215,9,몰입되서 재밌게 잘봤습니다.  
20170215,10,강하늘오빠가 넘 좋아서 개봉하자마자 아침에 친구랑 달려가서 봤는데 정말 좋아하는 것 을 떠나 정우랑 강하늘 연기가 너무 명품이었고 이렇게 몰입해서 본건 처음이었습니다. 이 이야기를 바탕으로 영화를 만드신감독님도참대단하다고느꼈습니다꼭보세요정말좋은영화에요  
20170215,10,관람객이런 일이 일어나고 있는 대한민국이 싫다...가슴을 먹먹하게하고 감동을 준 배우들의 연기에 박수를 보냅니다  
20170215,9,변호인 이후 정말 오랜만이라 더 반갑고 먹먹한 영화  
20170215,10,조조로보고옴  최근본영화중 추천함 그리고우리가알아야하는 진실들?정우 강하늘 연기짱 나머지배우분들도 멋지십니다  
20170215,10,시사회에서 보고왔는데 진짜로 너무 재미있었음 형사연기하신분 너므 잘하셔서 진짜 욕이 절로 나왔음 물론 강하늘과 정우 연기도 일품! 추천합니다! 꼭보세요!  
20170215,10,지인의 소개로 개봉일에 맞춰 보게되어 좋았구요배우들의 연기도 좋구 기대이상 재미있었어요  
20170215,10,그것이알고싶다. 응원합니다.  
20170215,9,관람객정우 강하늘 이동휘 모든 배우들 몰입도 좋고...  
20170215,10,보지는 않았지만 음모가 가득했다.  
20170215,10,뻔한 법정영화가될수도 있을거라는 우려를 했는데 감독님의 영화구성 배우들의 연기력 등이 탄탄해서 전하고자하는 메세지가 진심으로 다가왔습니다.  개인적으로 결말이 여운과 함께 생각할거리를 던져주는것같아 좋았구요억지 신파도 없었구요. 좋은 영화 감사합니다  
20170215,10,관람객자기의 이익을 위해 한 사람의 인생을 망친 경찰과 검찰의 행동을 용서 할 수가 없네요.  
20170215,1,"요즘 한국영화는 '부산행, 사랑하기때문에'빼고 소재가 거의 식상하다  "
20170215,10,"시사회에서 미리 봤는데 연기파 강하늘, 정우 최고의 케미로 처음부터 끝까지 숨죽이며 몰입해서 봤어요 실제사건을 모티브로한 '재심' 정말 가슴 벅차고 또 보고싶은 영화입니다  "
20170215,9,관람객감동적. 눈물이 몇 번 이나 나올뻔했는데 참느라 고생했다영화가 끝나자마자 실제사건 검색해봄.  
20170215,10,캐스팅이랑 연기 굿 보세요！  
20170215,10,보는 내내 소름이 돋았다. 꼭 봐라! 후회하지 말고!  
20170215,8,둘다 연기잘함 나름 볼만했어요~  
20170215,2,"감독이 변호인을 감동깊게 봤나본데 최악임. 예고편처럼 영화를 좀 만들지. 법정드라마 아닙니다. 별을 하나라도 준 이유는 배우들 열연 때문입니다. 강하늘,정우,김해숙 연기를 연출만 잘했어도 더 폭발했을텐데. 그것이 알고싶다를 다시보는게 낫겠네요..  "
20170215,1,역시뻔한... 고구마답답  
20170215,10,관람객재밌게봤습니다 꿀잼꿀잼  
20170215,10,실감나는 연기!! 정말 재밌게 감동하며 봤습니다!! 역시 연기력이 뒷받침이 되어주니 내용이 더 실감났습니다.. 하물며 경찰들한테 억하심정 생길판. 초강추ㅎ  
20170215,10,명연기 + 현재 상황에 맞구 많은 분들이 보셨으면 하는 영화 반성하게 되는 영화  
20170215,10,연기력 최고. 내용이 너무 속상하고 슬퍼요. 꼭 봐야 할 영화. .  강추합니다.  
20170215,9,영화보면서 열받아사 부들부들 눈물이 주륵주륵 ㅠㅠ 주연배우들 연기 대단했습니다ㅠㅠ  
20170215,8,"정의에  대한 타는 목마름,공정한 세상에 대한 절절한 그리움,검사가 불린 탐욕에 무너진 체계! ××다들 연기좋네요^^  "
20170215,10,실화라는 사실이 묵직하게 가슴을 울린 영화  
20170215,10,법이 어떻게 쓰여야 하는지 보여주는 가슴뭉클한 영화네요. 배우들 연기 너무 잘합니다  
20170215,9,강하늘 연기력 탄탄하고 별가대 안했는데 좋았습니다. 이런영화보면 재소자 중 참으로 억울한 사람이 많고 무전유죄라는 생각이듭니다  
20170215,10,하 개꿀잼 개레전드 샷 개굿  
20170215,8,관람객좋아요 좋아요!!!!  
20170215,3,변호인을 생각했다면 돌아가시오  
20170215,7,왕창 게이지를  끌어 올려놓고 서서 히 가라앉으며 노치는 기분이 드는것 같았다 실화라는 소재는 정의롭고 감동적 이였다  
20170215,8,관람객실화라서  더  진지하게  봤어요  급히  제작된것  같은 느낌이  좀  들었고요  볼만한  영화였어요  
20170215,1,안봐도 어떤내용인지 알만한영화  
20170215,10,진짜 정우 연기 최고....꼭 천만 찍었으면 좋겠어요!!  
20170215,10,첫날 조조로 봤는데 강하늘 정우 개쩌네여  
20170215,1,"IPTV에서 곧 만날듯.,  "
20170215,10,<변호인>의 뒤를 충분히 잇는 만점짜리 명작.  
20170215,10,제 인생 영화 등극입니다..  
20170215,10,눈물나네요재밌어요잘봐써요  
20170215,9,관람객요즘같이 대한민국이 싫어지는날 보기좋은영화  
20170215,10,연기력 쩌는 배우들만 모였는데도 그 속에서 강하늘과 정우의 연기가 더욱 눈길을 끌었던 영화  
20170215,9,"변호인과는 다릅니다. 식상하다고 하시는 분들, 보시고 말씀하세요.  "
20170215,10,관람객영화가 전할려면 메세지가 강하게 와 닿았습니다.  
20170215,7,사이다는 없고 고구마만 한가득 했던...  배우들 주연 조연할 것없이 연기는 정말 좋았습니다  
20170215,10,꼭봐야하는영화!!재밌어요 보시면후회안해요!!  
20170215,10,깔끔한영화네요 굿굿굿  
20170215,10,우리 사회에 이런 변호사가 많아졌으면 좋겠고 이런 억울한 일 당하는 사람들 없어졌으면 좋겠다 영화 시간가는줄 모르게 재밌었다 많이들 보세요 추천합니다  
20170215,10,킹갓영화내인생의레전설  
20170215,10,시사회로 재심 보고 왔는데 처음에는 아는내용이라서 그저그럴꺼 같았는데 영화내용이라던지 배우들의 명연기가 정말 대단한거같아요. 시사회 보러간 분들 울고 같이 화나고 재밌게 보았습니다 영화 꼭 대박났으면 좋겠어요 ㅎㅎ  
20170215,10,"정우 , 강하늘 두 배우의 조합은 진짜 언제봐도 옳다. 그것이 영화든 예능이든.  "
20170215,10,"방금 보고 왔습니다. 정우, 강하늘 연기력에 몰입도 최고였 습니다. 특히 정우의 진심을 담은 연기에 박수를 보냅니다.  "
20170215,10,시사회로 먼저 보고 왔습니다~ 정말 재밋어요ㅠㅠ 법정 장면은 정말 조금 나오는데 그 과정을 만들어 나가는 영화라서 정말 재밋어욧!!  입소문 타야대는 영화라고 생각해요ㅋㅋㅋㅋ  
20170215,9,와우! 의외로 영화 잘 나왔다.  다크호스에서 메인으로 갈래나.  
20170215,7,다시한번생각하게되네  
20170215,10,아무생각없이 시간이맞아서 봤는데 많은생각을하게되는 영화입니다 배우들 연기도 너무좋았습니다 영화보고 평점은 처음주는거같네요  
20170215,10,"진심을 담았다고 배우들이 자신있게 말하길래 기대했는데, 기대 이상이다. 강하늘 연기 좋고 정우는 황정민처럼 성장중. 또 김해숙 선배의 존재감과 이경영 선배의 안정감은 굿. 전재산 받아본 적 있냐는 대사 정말 좋다.  "
20170215,10,변호인도 그렇고 재심도 그렇고 문제는 강압적 수사....  
20170215,10,"아, 배우들의 연기. ㅜㅜ  "
20170215,10,재밌어요 연기력좋아요  
20170215,10,기대이상.. 믿고보는 배우들..  
20170215,10,정말 최고의 영화입니다^^  
20170215,10,"어제 시사회 갔다온 사람입니다. 영화 끝나자마자 사람들이 너나할 것 없이 박수치더군요. 아래 국뽕이 어쩌네 소리가 있는데, 국뽕이라는 단어를 왜 쓰신 건 줄 모르겠습니다ㅋㅋㅋ. 암튼 이 영화를 적극 추천합니다.  "
20170215,10,시사회보고왔는데 강추입니다.  
20170215,10,진짜 이런 사건이 다신 일어나면 안됨... 강하늘 연기 잘하네  
20170215,1,국뽕말고 영화자체가 어떠냐는 말입니다.. 영화자체가 어땠나요? 국뽕드립 말구요..  
20170215,10,정말 재밌게 잘봤어요 특히 정우 대박입니다  
20170215,10,아 걍 조조로 예매할걸 밤으로 해가지고 어떻게 기다리지  
20170215,8,주연배우들 연기에 시간가는 줄 모르고 봤습니다. 실화라는게 믿기지 않을만한 사건에는 너무 충격..ㅠㅠ 많은 사람들이 봤으면 좋겠어요.  
20170215,10,실화이기도하지만 영화로써의 재미와감동도 훌륭하다! 간만에 몰입도 최고의 영화를 봄  
20170215,10,시사로 봤어요. 꼭 보아야 하는 영화고... 재미라는 측면에서도 꽤 괜찮더라는.  
20170215,10,간편요약=쩐다...  
20170215,2,이영화는 정우만 안나오면 완전 성공인데 아쉽다 황정민이면 정말 어울렸을거 같다 연기도 별루고 흡입력도 별루 집중력을 잃게 된다 그에 반해 강하늘 연기는 완전 굿  
20170215,10,익산 시민으로써 너무열받고..하 진짜 눈물나게 열받네요ㅜㅜ연기들 짱..  
20170215,10,보고싶~다~!!!!~  
20170215,10,"그 당시 형편없었던 경찰의 수사방식과 현우의 억울한 사정에 분노가 치밀어 오르는 영화.유머와 감동, 배우들의 명연기까지 삼박자가 골고루 어우러진 좋은 작품.  "
20170215,10,답답하고 분노가 치밀어오릅니다 그러나 봐야할 내용이네요  
20170215,10,강하늘이랑  정우는 예전부터 봐왔지만 연기 정말 잘하네요~ 추천합니다~  
20170215,1,민감하고 쫌 그런소재라??  
20170215,10,오늘볼계획인뎅..진짜기대됨!!  
20170215,8,아들과 감명깊게 봤어요  
20170215,10,주인공 조연 연기 너무 잘한다  
20170215,9,"현우야 미안해. 억울한 세상으로부터 널 지켜주지 못한 어른이어서 정말 미안해. 담당자들이 네게 진심이 담긴 사과를 했으면 좋겠고, 앞으로 나나 가족친구 누구도 너와 같은 일을 겪지 않을 수 있게 평범하고 상식적인 세상이 되기를 진심으로 바란다. 미안해  "
20170215,10,사랑해요 정우오빠ㅠㅠㅠ  
20170215,10,시사회로 미리 관람했습니다!실화를 배경으로 만든 영화 '재심' 재밌습니다!  좋은 영화 만들어주셔서 감사합니다^^  
20170215,10,정말 최근본 영화중 제일 완벽 했고 너무나 억울하고 모두가 봤으면 좋겠습니다ㅠㅠ억울하고 우리사회가 꼭 변화했으면 좋겠네요  
20170215,1,"노잼일거같음 ,, 그냥 예고편에서 부터 기대감별로 흥미롭지도않고 .  "
20170215,10,이야 이건 뻥안치고 진짜다.  
20170215,10,역시 믿고 보는 정우와 강하늘!! 진짜 기대 이상으로 너무 잘 봤습니다ㅎㅎ 개봉 후에도 또 한번 보려구요♡  
20170215,10,"정의로운 영화. 실화라 더 화가 치밀고, 미안하다..쓰레기같은 검사,형사가 참 많구나;; 정우,강하늘의 한층 더 깊어진 연기 너무 좋았다~  "
20170215,10,개봉하루전에 봤습니다 이 영화보구 정우.강하늘 두배우 다 좋아졌네요 출연하는 배우들도 모두 연기잘하구요 시간가는줄 몰랐던것 같습니다 고민하시는분들 계시면 꼭 보세요 생각하게 해주는 영화입니다  
20170215,9,"변호인에 이은 또한편의 입소문 대박 흥행 작품될듯.배우들 연기가 후덜덜하네요.1~2월 개봉작중 제일 재밌고 잘 만든영화,강추입니다.  "
20170215,10,시사회로 보고왔는데 정말 너무 재밌어요 ~!배우들 연기도 너무좋고 내용도 너무 좋았어요 !!영화대박나길 기원할게요 ^^  
20170215,1,핵노잼 .. 그냥 실화였다는게 팩트  
20170215,9,명연기다진짜...진짜  
20170215,9,다들 연기 너무 잘하시네요... 특히 형사분 정말 때리고싶을 정도로 연기너무 잘하심. 그리고 무엇보다 엔딩이 깔끔하고 좋았던것같습이다.  
20170215,10,시사회로 미리봤어요. 연기력이 장난아닙니다. 실화라 더 억울하고 답답한거 못참는 분들은 진짜 답답할 수 있습니다. 그러나 그만큼 마지막에 감동적입니다. 이 사건 많이 아셨으면 좋겠습니다!! 중간중간 정우 연기로 웃음도 나고 캐릭터가 매력넘쳐요ㅎㅎ  
20170215,10,영화 이름이 재심인데 막상 진짜 멋있거나 그런 재판장면없이 충분히 기대이상으로 재밌다..  
20170215,10,실화를 바탕으로 한거에서 배우들의 열연에 더불어 뜻깊고 감명깊게.. 꽤 재밌게 봤고 많은 사람들이 봐줬으면 하는 영화..!  
